# energy (eV)  EELS (a.u)
3.000000000000000000e+00 -2.799542883524372883e+01
3.200000999999999873e+00 -2.869914952649469342e+01
3.399999999999999911e+00 4.689462871248906595e+01
3.600000000000000089e+00 -1.195419341830074700e+00
3.799999000000000127e+00 1.781308925627809003e+01
4.000000000000000000e+00 -2.905983411173065178e+01
4.200001000000000317e+00 3.780972274126270349e+00
4.400000000000000355e+00 8.279172069901096620e+01
4.599999999999999645e+00 1.775112320032469597e+02
4.799998999999999683e+00 2.887228409437379923e+02
5.000000000000000000e+00 4.146010344304640967e+02
5.200001000000000317e+00 5.198131978095743762e+02
5.400000000000000355e+00 6.206125647386643323e+02
5.599999999999999645e+00 7.299117145177045813e+02
5.799998999999999683e+00 8.193349918447682967e+02
6.000000000000000000e+00 9.182707727225670169e+02
6.200001000000000317e+00 1.006905784531208610e+03
6.400000000000000355e+00 1.066259404389921201e+03
6.599999999999999645e+00 1.169211154058709553e+03
6.799998999999999683e+00 1.215519341453946254e+03
7.000000000000000000e+00 1.278841991398448044e+03
7.200001000000000317e+00 1.335749419684162604e+03
7.400000000000000355e+00 1.370738282667700787e+03
7.599999999999999645e+00 1.411242939284859631e+03
7.799998999999999683e+00 1.419642540106476190e+03
8.000000000000000000e+00 1.433270275627704905e+03
8.200001000000000317e+00 1.429418253340715637e+03
8.400000000000000355e+00 1.414343783627805351e+03
8.599999999999999645e+00 1.403274488452697369e+03
8.799998999999999683e+00 1.378411112353921226e+03
9.000000000000000000e+00 1.365931968987305254e+03
9.200001000000000317e+00 1.345994892450493808e+03
9.400000000000000355e+00 1.330740271344056964e+03
9.599999999999999645e+00 1.330293519623988686e+03
9.800000999999999962e+00 1.308766325300217886e+03
1.000000000000000000e+01 1.303258352672084584e+03
1.019999999999999929e+01 1.299859167309766235e+03
1.040000000000000036e+01 1.286648858603084363e+03
1.059999999999999964e+01 1.291699403014813015e+03
1.080000000000000071e+01 1.286075533457623806e+03
1.100000000000000000e+01 1.284835552242426274e+03
1.119999999999999929e+01 1.284032043605423496e+03
1.140000000000000036e+01 1.279712499324440159e+03
1.159999999999999964e+01 1.286919868972331642e+03
1.180000000000000071e+01 1.279693044698211452e+03
1.200000000000000000e+01 1.278067289025136915e+03
1.219999999999999929e+01 1.284074612963941036e+03
1.240000000000000036e+01 1.276744110732569652e+03
1.259999999999999964e+01 1.288102256509942890e+03
1.280000000000000071e+01 1.286173167919306252e+03
1.300000000000000000e+01 1.289978840308454892e+03
1.319999999999999929e+01 1.295539355356682336e+03
1.340000000000000036e+01 1.296873067077000542e+03
1.359999999999999964e+01 1.316996767885590771e+03
1.380000000000000071e+01 1.320925837068894225e+03
1.400000000000000000e+01 1.320674373684055581e+03
1.419999999999999929e+01 1.335255315673779933e+03
1.440000000000000036e+01 1.346680546756194417e+03
1.459999999999999964e+01 1.366960992459174349e+03
1.480000000000000071e+01 1.382106706502582483e+03
1.500000000000000000e+01 1.401126948587501374e+03
1.519999999999999929e+01 1.417030254525757300e+03
1.540000000000000036e+01 1.421824499533319113e+03
1.559999999999999964e+01 1.450516955415291477e+03
1.580000000000000071e+01 1.452114342286356077e+03
1.600000000000000000e+01 1.466622875397030157e+03
1.619999999999999929e+01 1.486048307571653368e+03
1.639999999999999858e+01 1.484395967707372392e+03
1.660000000000000142e+01 1.506670795733585010e+03
1.680000000000000071e+01 1.500877374387420787e+03
1.700000000000000000e+01 1.506019958122145454e+03
1.719999999999999929e+01 1.519102499431207889e+03
1.739999999999999858e+01 1.498128672840443869e+03
1.760000000000000142e+01 1.521101896794219329e+03
1.780000000000000071e+01 1.511025353637603530e+03
1.800000000000000000e+01 1.506902007875652544e+03
1.819999999999999929e+01 1.508734622872211276e+03
1.839999999999999858e+01 1.488525776134057196e+03
1.860000000000000142e+01 1.499277873311432813e+03
1.880000000000000071e+01 1.478993161032855369e+03
1.900000000000000000e+01 1.473673738680356792e+03
1.919999999999999929e+01 1.471321569200822523e+03
1.939999999999999858e+01 1.455938489039737760e+03
1.960000000000000142e+01 1.455526217275263207e+03
1.980000000000000071e+01 1.440086364023065016e+03
2.000000000000000000e+01 1.430620438175595154e+03
2.019999999999999929e+01 1.424129854533484377e+03
2.039999999999999858e+01 1.414615940381290557e+03
2.060000000000000142e+01 1.415079941554979087e+03
2.080000000000000071e+01 1.406523028044123976e+03
2.100000000000000000e+01 1.403946299167878806e+03
2.119999999999999929e+01 1.419350788360210345e+03
2.139999999999999858e+01 1.411737467596676879e+03
2.160000000000000142e+01 1.433107251492145679e+03
2.180000000000000071e+01 1.454461001096224891e+03
2.200000000000000000e+01 1.460799527410819337e+03
2.219999999999999929e+01 1.491123594652085785e+03
2.239999999999999858e+01 1.504433923277119447e+03
2.260000000000000142e+01 1.544731192793953142e+03
2.280000000000000071e+01 1.565016044371854150e+03
2.300000000000000000e+01 1.591289083267459773e+03
2.319999999999999929e+01 1.612550881080981981e+03
2.339999999999999858e+01 1.629801977855511723e+03
2.360000000000000142e+01 1.666042884031377980e+03
2.380000000000000071e+01 1.684274082266517780e+03
2.400000000000000000e+01 1.692496029132921649e+03
2.419999999999999929e+01 1.708709156698393826e+03
2.439999999999999858e+01 1.712913874002122157e+03
2.460000000000000142e+01 1.726110568431863840e+03
2.480000000000000071e+01 1.730299607009937290e+03
2.500000000000000000e+01 1.731481337594632350e+03
2.519999999999999929e+01 1.728656090003137251e+03
2.539999999999999858e+01 1.707824177061597084e+03
2.560000000000000142e+01 1.722985895587484947e+03
2.580000000000000071e+01 1.693141527309070170e+03
2.600000000000000000e+01 1.679291339726393062e+03
2.619999999999999929e+01 1.658435586917826413e+03
2.639999999999999858e+01 1.631574510295992241e+03
2.660000000000000142e+01 1.610708339316518050e+03
2.680000000000000071e+01 1.579837292142859496e+03
2.700000000000000000e+01 1.553961576270170553e+03
2.719999999999999929e+01 1.530081389110990585e+03
2.739999999999999858e+01 1.508196918545306289e+03
2.760000000000000142e+01 1.486308343437366602e+03
2.780000000000000071e+01 1.460415834121451553e+03
2.800000000000000000e+01 1.437519552858640282e+03
2.819999999999999929e+01 1.427619654266476800e+03
2.839999999999999858e+01 1.409716285723295869e+03
2.860000000000000142e+01 1.397809587748846752e+03
2.880000000000000071e+01 1.381899694362741911e+03
2.900000000000000000e+01 1.371986733422140560e+03
2.919999999999999929e+01 1.371070826939993594e+03
2.939999999999999858e+01 1.346152091385071571e+03
2.960000000000000142e+01 1.357230637964921243e+03
2.980000000000000071e+01 1.352306572892815439e+03
3.000000000000000000e+01 1.347379997639689918e+03
3.019999999999999929e+01 1.347451009171992837e+03
3.039999999999999858e+01 1.340519700176310153e+03
3.060000000000000142e+01 1.346586159271572797e+03
3.080000000000000071e+01 1.339650471209602983e+03
3.100000000000000000e+01 1.344712717064694743e+03
3.119999999999999929e+01 1.352772974412894200e+03
3.139999999999999858e+01 1.341831317501588046e+03
3.160000000000000142e+01 1.353887817409977288e+03
3.180000000000000071e+01 1.348942542200974685e+03
3.200000000000000000e+01 1.354995557065024514e+03
3.220000000000000284e+01 1.362046924456321221e+03
3.239999999999999858e+01 1.356096704221863092e+03
3.260000000000000142e+01 1.366144953723758590e+03
3.279999999999999716e+01 1.363191727955168290e+03
3.300000000000000000e+01 1.365237079650248234e+03
3.320000000000000284e+01 1.365281059388435779e+03
3.339999999999999858e+01 1.351323715693395116e+03
3.360000000000000142e+01 1.354365095126923734e+03
3.379999999999999716e+01 1.344405242378102230e+03
3.400000000000000000e+01 1.332444200347950755e+03
3.420000000000000284e+01 1.333482010229840171e+03
3.439999999999999858e+01 1.310518711585893470e+03
3.460000000000000142e+01 1.301554342419594605e+03
3.479999999999999716e+01 1.282588939244812991e+03
3.500000000000000000e+01 1.280622537151437200e+03
3.520000000000000284e+01 1.270655169867800851e+03
3.539999999999999858e+01 1.237686869820072161e+03
3.560000000000000142e+01 1.232717668188771086e+03
3.579999999999999716e+01 1.224747594962562744e+03
3.600000000000000000e+01 1.205776678989476522e+03
3.620000000000000284e+01 1.200804948025681597e+03
3.639999999999999858e+01 1.184832428781947556e+03
3.660000000000000142e+01 1.180859146967914739e+03
3.679999999999999716e+01 1.165885127334281378e+03
3.700000000000000000e+01 1.162910393713019175e+03
3.720000000000000284e+01 1.159934969055719193e+03
3.739999999999999858e+01 1.142958875470159228e+03
3.760000000000000142e+01 1.151982134255188839e+03
3.779999999999999716e+01 1.131004765934010265e+03
3.800000000000000000e+01 1.131026790285944344e+03
3.820000000000000284e+01 1.133048226376749199e+03
3.839999999999999858e+01 1.115069092587569685e+03
3.860000000000000142e+01 1.121089406642582844e+03
3.879999999999999716e+01 1.108109185635403492e+03
3.900000000000000000e+01 1.109128446054314963e+03
3.920000000000000284e+01 1.109147203806375273e+03
3.939999999999999858e+01 1.097165474240461890e+03
3.960000000000000142e+01 1.100183272169299471e+03
3.979999999999999716e+01 1.092200611890524442e+03
4.000000000000000000e+01 1.086217507206830533e+03
4.020000000000000284e+01 1.052233971445239831e+03
4.039999999999999858e+01 1.085250017475540517e+03
4.060000000000000142e+01 1.084265657727933103e+03
4.079999999999999716e+01 1.080280904209917935e+03
4.100000000000000000e+01 1.071295768522465323e+03
4.120000000000000284e+01 1.074310261875497190e+03
4.139999999999999858e+01 1.067324395102715243e+03
4.160000999999999749e+01 1.072338179356411274e+03
4.179999999999999716e+01 1.058351622718041426e+03
4.200000000000000000e+01 1.066364737017335301e+03
4.220000000000000284e+01 1.061377531038726374e+03
4.239999999999999858e+01 1.053390013936367268e+03
4.260000999999999749e+01 1.053402195166629554e+03
4.279999999999999716e+01 1.048414081491029037e+03
4.300000000000000000e+01 1.042425683002975347e+03
4.320000000000000284e+01 1.051437007121724946e+03
4.339999999999999858e+01 1.036448061610200511e+03
4.360000999999999749e+01 1.042458854515892426e+03
4.379999999999999716e+01 1.039469391513880282e+03
4.400000000000000000e+01 1.035479681247309145e+03
4.420000000000000284e+01 1.038489730003771228e+03
4.439999999999999858e+01 1.037499544389173934e+03
4.460000999999999749e+01 1.035509131275894333e+03
4.479999999999999716e+01 1.034518495441469440e+03
4.500000000000000000e+01 1.033527644312878465e+03
4.520000000000000284e+01 1.037536583236046908e+03
4.539999999999999858e+01 1.023545317850964580e+03
4.560000999999999749e+01 1.037553854046108427e+03
4.579999999999999716e+01 1.028562195854911351e+03
4.600000000000000000e+01 1.028570349680595882e+03
4.620000000000000284e+01 1.033578320082659957e+03
4.639999999999999858e+01 1.022586111891745873e+03
4.660000999999999749e+01 1.032593730169492346e+03
4.679999999999999716e+01 1.020601178330358607e+03
4.700000000000000000e+01 1.029608461912612711e+03
4.720000000000000284e+01 1.027615584816673618e+03
4.739999999999999858e+01 1.020622551192633068e+03
4.760000999999999749e+01 1.025629365404820192e+03
4.779999999999999716e+01 1.020636030351151589e+03
4.800000000000000000e+01 1.012642550836530404e+03
4.820000000000000284e+01 1.014648930207167837e+03
4.839999999999999858e+01 1.007655172038965361e+03
4.860000999999999749e+01 1.012661280106176378e+03
4.879999999999999716e+01 9.986672568743290412e+02
4.900000000000000000e+01 9.986731065244210868e+02
4.920000000000000284e+01 1.000678831935136145e+03
4.939999999999999858e+01 9.856844361963427446e+02
4.960000999999999749e+01 9.946899225813260728e+02
4.979999999999999716e+01 9.876962931926049123e+02
5.000000000000000000e+01 9.837005516786588259e+02
5.020000000000000284e+01 9.897057005225434523e+02
5.039999999999999858e+01 9.827107424014252501e+02
5.060000999999999749e+01 9.827156801619311182e+02
5.079999999999999716e+01 9.837205156009587199e+02
5.100000000000000000e+01 9.817252519110403455e+02
5.120000000000000284e+01 9.867298912394469426e+02
5.139999999999999858e+01 9.767344359118510511e+02
5.160000999999999749e+01 9.837388884104034332e+02
5.179999999999999716e+01 9.887432502740028895e+02
5.200000000000000000e+01 9.857475243036119537e+02
5.220000000000000284e+01 9.877527123606885198e+02
5.239999999999999858e+01 9.807558164706696289e+02
5.260000999999999749e+01 9.887598388034371055e+02
5.279999999999999716e+01 9.887637806795312372e+02
5.300000000000000000e+01 9.867676445626474333e+02
5.320000000000000284e+01 9.957714320702933719e+02
5.339999999999999858e+01 9.837751449707330949e+02
5.360000999999999749e+01 9.887787851655522218e+02
5.379999999999999716e+01 9.857823537900247857e+02
5.400000000000000000e+01 9.827858530165327693e+02
5.420000000000000284e+01 9.847892842538078639e+02
5.439999999999999858e+01 9.797926490492308176e+02
5.460000999999999749e+01 9.797959490732421273e+02
5.479999999999999716e+01 9.777991853035554186e+02
5.500000000000000000e+01 9.718023596602444059e+02
5.520000000000000284e+01 9.748064733729088402e+02
5.539999999999999858e+01 9.558085277987179325e+02
5.560000999999999749e+01 9.628115244084489177e+02
5.579999999999999716e+01 9.498144640455133185e+02
5.600000000000000000e+01 9.418173484108845059e+02
5.620000000000000284e+01 9.508201785800831658e+02
5.639999999999999858e+01 9.318229557460657588e+02
5.660000999999999749e+01 9.318256812066998691e+02
5.679999999999999716e+01 9.188283556906724243e+02
5.700000000000000000e+01 9.148309807082088128e+02
5.720000000000000284e+01 9.098335572019821029e+02
5.739999999999999858e+01 9.018360862228341830e+02
5.760000999999999749e+01 9.018385689185233787e+02
5.779999999999999716e+01 8.898410059195313124e+02
5.800000000000000000e+01 8.828433985696105992e+02
5.820000000000000284e+01 8.838457476966264039e+02
5.839999999999999858e+01 8.698480542281406542e+02
5.860000999999999749e+01 8.698503191812845898e+02
5.879999999999999716e+01 8.648525431023084593e+02
5.900000000000000000e+01 8.618547271893307880e+02
5.920000000000000284e+01 8.548568721707781606e+02
5.939999999999999858e+01 8.488589788670254848e+02
5.960000999999999749e+01 8.478610481812678472e+02
5.979999999999999716e+01 8.418630805873722238e+02
6.000000000000000000e+01 8.378650771557597636e+02
6.020000000000000284e+01 8.388670385285431621e+02
6.039999999999999858e+01 8.258689654326959726e+02
6.060000999999999749e+01 8.308708586718134939e+02
6.079999999999999716e+01 8.278727186574473080e+02
6.100000000000000000e+01 8.208745463477988551e+02
6.120000000000000284e+01 8.258763423099019292e+02
6.139999999999999858e+01 8.148781071891670535e+02
6.160000999999999749e+01 8.228798417019330600e+02
6.179999999999999716e+01 8.208815462060106256e+02
6.200000000000000000e+01 8.148832215607685612e+02
6.220000000000000284e+01 8.188848682678031992e+02
6.239999999999999858e+01 8.128864869011512155e+02
6.260000999999999749e+01 8.178880781005475455e+02
6.279999999999999716e+01 8.158896421773793008e+02
6.300000000000000000e+01 8.138911799037911123e+02
6.320000000000000284e+01 8.138926917242318950e+02
6.339999999999999858e+01 8.098941781501551986e+02
6.360000999999999749e+01 8.188956397539069485e+02
6.379999999999999716e+01 8.188970768067085828e+02
6.400000000000000000e+01 8.158984900035674173e+02
6.420000000000000284e+01 8.158998797389309630e+02
6.440000000000000568e+01 8.179012464692698359e+02
6.460000999999999749e+01 8.219025907075299529e+02
6.479999999999999716e+01 8.209039126901283225e+02
6.500000000000000000e+01 8.189052130437212327e+02
6.520000000000000284e+01 8.269064921189261668e+02
6.540000000000000568e+01 8.179077503238163445e+02
6.560000999999999749e+01 8.249089881188785967e+02
6.579999999999999716e+01 8.179102057103282277e+02
6.600000000000000000e+01 8.259114036641392431e+02
6.620000000000000284e+01 8.309125822924399927e+02
6.640000000000000568e+01 8.149137419606247477e+02
6.660000999999999749e+01 8.259148830827646179e+02
6.679999999999999716e+01 8.239160058388309835e+02
6.700000000000000000e+01 8.219171107408236594e+02
6.720000000000000284e+01 8.199181980670135772e+02
6.740000000000000568e+01 8.179192681450911095e+02
6.760000999999999749e+01 8.219203213479840997e+02
6.779999999999999716e+01 8.169213578328296990e+02
6.800000000000000000e+01 8.149223780635330741e+02
6.820000000000000284e+01 8.179233822885319114e+02
6.840000000000000568e+01 8.069243708021496104e+02
6.860000999999999749e+01 8.099253439407804080e+02
6.879999999999999716e+01 8.009263018416687601e+02
6.900000000000000000e+01 7.999272449257890685e+02
6.920000000000000284e+01 8.019281734152488070e+02
6.940000000000000568e+01 7.909290875747925611e+02
6.960000999999999749e+01 7.929299877083179808e+02
6.979999999999999716e+01 7.849308739357200011e+02
7.000000000000000000e+01 7.759317466395854126e+02
7.020000000000000284e+01 7.769326060187463554e+02
7.040000000000000568e+01 7.749334523116839364e+02
7.060000999999999749e+01 7.699342857933414734e+02
7.079999999999999716e+01 7.609351065684655850e+02
7.100000000000000000e+01 7.599359149852612063e+02
7.120000000000000284e+01 7.559367112219540559e+02
7.140000000000000568e+01 7.479374954936671429e+02
7.160000999999999749e+01 7.529382680495045861e+02
7.179999999999999716e+01 7.389390289809726937e+02
7.200000000000000000e+01 7.349397786054322523e+02
7.220000000000000284e+01 7.369405170828376868e+02
7.240000000000000568e+01 7.239412446075067464e+02
7.260000999999999749e+01 7.309419614054463636e+02
7.279999999999999716e+01 7.199426675565800906e+02
7.300000000000000000e+01 7.159433633505539092e+02
7.320000000000000284e+01 7.179440489310987914e+02
7.340000000000000568e+01 7.119447244739717462e+02
7.360000999999999749e+01 7.109453901845030259e+02
7.379999999999999716e+01 7.059460461324729295e+02
7.400000000000000000e+01 7.039466925825875023e+02
7.420000000000000284e+01 7.069473296641514253e+02
7.440000000000000568e+01 6.979479575363392314e+02
7.460000999999999749e+01 6.989485763859430563e+02
7.479999999999999716e+01 6.919491862738541386e+02
7.500000000000000000e+01 6.909497874423009307e+02
7.520000000000000284e+01 6.959503800077427513e+02
7.540000000000000568e+01 6.829509641145180012e+02
7.560000999999999749e+01 6.899515399327732439e+02
7.579999999999999716e+01 6.839521075156036432e+02
7.600000000000000000e+01 6.769526670849505763e+02
7.620000000000000284e+01 6.859532187458197541e+02
7.640000000000000568e+01 6.759537626292573123e+02
7.660000999999999749e+01 6.789542988904426011e+02
7.679999999999999716e+01 6.749548275756283147e+02
7.700000000000000000e+01 6.749553488884192802e+02
7.720000000000000284e+01 6.789558629235962144e+02
7.740000000000000568e+01 6.649563698002792762e+02
7.760000999999999749e+01 6.739568696601706961e+02
7.779999999999999716e+01 6.709573625435148188e+02
7.800000000000000000e+01 6.619578486373193300e+02
7.820000000000000284e+01 6.679583280272252068e+02
7.840000000000000568e+01 6.619588008216383059e+02
7.860000999999999749e+01 6.619592671501095538e+02
7.879999999999999716e+01 6.599597270476031099e+02
7.900000000000000000e+01 6.529601806860850957e+02
7.920000000000000284e+01 6.569606281430160379e+02
7.940000000000000568e+01 6.479610695171637644e+02
7.960000999999999749e+01 6.529615049271081944e+02
7.979999999999999716e+01 6.459619344031718811e+02
8.000000000000000000e+01 6.409623581036703399e+02
8.020000000000000284e+01 6.439627760987339116e+02
8.040000000000000568e+01 6.359631884784492968e+02
8.060000999999999749e+01 6.389635953514784887e+02
8.079999999999999716e+01 6.369639967440621149e+02
8.100000000000000000e+01 6.299643928021113197e+02
8.120000000000000284e+01 6.309647835891805698e+02
8.140000000000000568e+01 6.179651691875278630e+02
8.160000999999999749e+01 6.229655496968374564e+02
8.179999999999999716e+01 6.179659251397592925e+02
8.200000000000000000e+01 6.099662956509187097e+02
8.220000000000000284e+01 6.149666612879639160e+02
8.240000000000000568e+01 5.999670221260843164e+02
8.260000999999999749e+01 6.029673782568281695e+02
8.279999999999999716e+01 5.969677296996852647e+02
8.300000000000000000e+01 5.929680765790005808e+02
8.320000000000000284e+01 5.929684189471118998e+02
8.340000000000000568e+01 5.799687568728187443e+02
8.360000999999999749e+01 5.789690904402864362e+02
8.379999999999999716e+01 5.789694196662242121e+02
8.400000000000000000e+01 5.659697446656007287e+02
8.420000000000000284e+01 5.649700654859740325e+02
8.440000000000000568e+01 5.579703821903602829e+02
8.460000999999999749e+01 5.569706948562183015e+02
8.479999999999999716e+01 5.509710034978096473e+02
8.500000000000000000e+01 5.479713082215417899e+02
8.520000000000000284e+01 5.459716090706658633e+02
8.540000000000000568e+01 5.339719061029582008e+02
8.560000999999999749e+01 5.339721993897776429e+02
8.579999999999999716e+01 5.279724889432320651e+02
8.600000000000000000e+01 5.239727748619025078e+02
8.620000000000000284e+01 5.209730571851556533e+02
8.640000000000000568e+01 5.109733359660148153e+02
8.660000999999999749e+01 5.079736112702847777e+02
8.679999999999999716e+01 5.049738831081781996e+02
8.700000000000000000e+01 4.959741515711136799e+02
8.720000000000000284e+01 5.009744166949509463e+02
8.740000000000000568e+01 4.899746785283973622e+02
8.760000999999999749e+01 4.839749371321948956e+02
8.779999999999999716e+01 4.799751925148889882e+02
8.800000000000000000e+01 4.719754447613365755e+02
8.820000000000000284e+01 4.759756939042276258e+02
8.840000000000000568e+01 4.649759399883465107e+02
8.860000999999999749e+01 4.649761830698151925e+02
8.879999999999999716e+01 4.579764231557132348e+02
8.900000000000000000e+01 4.549766603248792762e+02
8.920000000000000284e+01 4.549768946071364439e+02
8.940000000000000568e+01 4.419771260436990588e+02
8.960000999999999749e+01 4.439773546864689138e+02
8.979999999999999716e+01 4.389775805412371028e+02
9.000000000000000000e+01 4.289778036813171980e+02
9.020000000000000284e+01 4.349780241339362874e+02
9.040000000000000568e+01 4.199782419370571347e+02
9.060000999999999749e+01 4.239784571387223195e+02
9.079999999999999716e+01 4.129786697435912970e+02
9.100000000000000000e+01 4.219788798199000439e+02
9.120000000000000284e+01 4.109790873925230130e+02
9.140000000000000568e+01 4.049792924964581289e+02
9.160000999999999749e+01 4.079794951762156074e+02
9.179999999999999716e+01 3.999796954354619061e+02
9.200000000000000000e+01 3.939798933377616095e+02
9.220000000000000284e+01 3.979800889058553821e+02
9.240000000000000568e+01 3.889802821720354586e+02
9.260000999999999749e+01 3.909804731775752202e+02
9.279999999999999716e+01 3.789806619252706241e+02
9.300000000000000000e+01 3.779808484743848567e+02
9.320000000000000284e+01 3.789810328457214155e+02
9.340000000000000568e+01 3.739812150691007560e+02
9.360000999999999749e+01 3.709813951828276117e+02
9.379999999999999716e+01 3.639815731889357835e+02
9.400000000000000000e+01 3.639817491427237428e+02
9.420000000000000284e+01 3.619819230632350582e+02
9.440000000000000568e+01 3.559820949780298633e+02
9.460000999999999749e+01 3.549822649226877616e+02
9.479999999999999716e+01 3.529824328985761781e+02
9.500000000000000000e+01 3.449825989573357674e+02
9.520000000000000284e+01 3.489827631164096715e+02
9.540000000000000568e+01 3.399829254012896058e+02
9.560000999999999749e+01 3.399830858450508231e+02
9.579999999999999716e+01 3.389832444484794109e+02
9.600000000000000000e+01 3.299834012598381605e+02
9.620000000000000284e+01 3.409835562951138854e+02
9.640000000000000568e+01 3.249837095779034257e+02
9.660000999999999749e+01 3.309838611389790231e+02
9.679999999999999716e+01 3.229840109786199491e+02
9.700000000000000000e+01 3.209841591419673819e+02
9.720000000000000284e+01 3.249843056436816937e+02
9.740000000000000568e+01 3.139844505056225330e+02
9.760000999999999749e+01 3.159845937564418250e+02
9.779999999999999716e+01 3.149847353959788734e+02
9.800000000000000000e+01 3.089848754664869261e+02
9.820000000000000284e+01 3.129850139814173531e+02
9.840000000000000568e+01 3.019851509610357994e+02
9.860000999999999749e+01 3.089852864320406525e+02
9.879999999999999716e+01 2.979854203938900241e+02
9.900000000000000000e+01 2.979855528861631910e+02
9.920000000000000284e+01 3.019856839212090449e+02
9.940000000000000568e+01 2.919858135178291718e+02
9.960000999999999749e+01 2.959859417009205913e+02
9.979999999999999716e+01 2.929860684696121211e+02
1.000000000000000000e+02 2.859861938610053471e+02
1.002000000000000028e+02 2.889863178864427482e+02
1.004000000000000057e+02 2.829864405633803699e+02
1.005999999999999943e+02 2.879865619090182918e+02
1.007999999999999972e+02 2.799866819403049476e+02
1.010000000000000000e+02 2.779868006739412749e+02
1.012000000000000028e+02 2.839869181263849214e+02
1.014000000000000057e+02 2.729870343138539397e+02
1.015999999999999943e+02 2.749871492523311076e+02
1.017999999999999972e+02 2.739872629575673386e+02
1.020000000000000000e+02 2.639873754450859451e+02
1.022000000000000028e+02 2.779874867301859354e+02
1.024000000000000057e+02 2.629875968279459357e+02
1.025999999999999943e+02 2.659877057532276012e+02
1.027999999999999972e+02 2.689878135206793104e+02
1.030000000000000000e+02 2.609879201447394621e+02
1.032000000000000028e+02 2.639880256396398863e+02
1.034000000000000057e+02 2.519881300194093399e+02
1.035999999999999943e+02 2.609882332978765476e+02
1.037999999999999972e+02 2.549883354886735276e+02
1.040000000000000000e+02 2.529884366052388032e+02
1.042000000000000028e+02 2.549885366608204151e+02
1.044000000000000057e+02 2.479886356684789632e+02
1.045999999999999943e+02 2.499887336410906755e+02
1.047999999999999972e+02 2.469888305913502506e+02
1.050000000000000000e+02 2.449889265317738136e+02
1.052000000000000028e+02 2.509890214747017012e+02
1.054000000000000057e+02 2.379891154323013041e+02
1.055999999999999943e+02 2.429892084165697099e+02
1.057999999999999972e+02 2.419893004393364606e+02
1.060000000000000000e+02 2.349893915122661952e+02
1.062000000000000028e+02 2.429894816468612646e+02
1.064000000000000057e+02 2.289895708544641195e+02
1.065999999999999943e+02 2.349896591462600099e+02
1.067999999999999972e+02 2.339897465332794013e+02
1.070000000000000000e+02 2.269898330264002482e+02
1.072000000000000028e+02 2.369899186363506089e+02
1.074000000000000057e+02 2.199900033737107208e+02
1.075999999999999943e+02 2.319900872489155290e+02
1.077999999999999972e+02 2.229901702722567336e+02
1.080000000000000000e+02 2.179902524538851765e+02
1.082000000000000028e+02 2.309903338038129164e+02
1.084000000000000057e+02 2.179904143319153889e+02
1.085999999999999943e+02 2.199904940479335380e+02
1.087999999999999972e+02 2.209905729614758343e+02
1.090000000000000000e+02 2.149906510820203209e+02
1.092000000000000028e+02 2.229907284189166603e+02
1.094000000000000057e+02 2.119908049813880098e+02
1.095999999999999943e+02 2.099908807785330680e+02
1.097999999999999972e+02 2.129909558193278656e+02
1.100000000000000000e+02 2.069910301126275840e+02
1.102000000000000028e+02 2.149911036671686020e+02
1.104000000000000057e+02 2.049911764915701156e+02
1.105999999999999943e+02 2.079912485943358718e+02
1.107999999999999972e+02 2.019913199838561582e+02
1.110000000000000000e+02 2.029913906684092240e+02
1.112000000000000028e+02 2.069914606561631274e+02
1.114000000000000057e+02 1.979915299551773558e+02
1.115999999999999943e+02 2.039915985734045023e+02
1.117999999999999972e+02 2.009916665186917442e+02
1.120000000000000000e+02 1.989917337987825476e+02
1.122000000000000028e+02 2.019918004213180893e+02
1.124000000000000057e+02 1.969918663938389329e+02
1.125999999999999943e+02 1.959919317237864220e+02
1.127999999999999972e+02 1.999919964185040726e+02
1.130000000000000000e+02 1.889920604852392501e+02
1.132000000000000028e+02 1.969921239311444197e+02
1.134000000000000057e+02 1.919921867632785109e+02
1.135999999999999943e+02 1.899922489886084804e+02
1.137999999999999972e+02 1.909923106140105062e+02
1.140000000000000000e+02 1.859923716462713799e+02
1.142000000000000028e+02 1.929924320920897856e+02
1.144000000000000057e+02 1.869924919580776930e+02
1.145999999999999943e+02 1.859925512507614656e+02
1.147999999999999972e+02 1.869926099765832248e+02
1.150000000000000000e+02 1.809926681419020156e+02
1.152000000000000028e+02 1.909927257529950850e+02
1.154000000000000057e+02 1.799927828160590195e+02
1.155999999999999943e+02 1.829928393372108530e+02
1.157999999999999972e+02 1.789928953224894030e+02
1.160000000000000000e+02 1.789929507778561799e+02
1.162000000000000028e+02 1.819930057091966376e+02
1.164000000000000057e+02 1.789930601223212534e+02
1.165999999999999943e+02 1.749931140229665516e+02
1.167999999999999972e+02 1.769931674167962683e+02
1.170000000000000000e+02 1.729932203094022611e+02
1.172000000000000028e+02 1.789932727063055893e+02
1.174000000000000057e+02 1.719933246129576219e+02
1.175999999999999943e+02 1.749933760347408906e+02
1.177999999999999972e+02 1.729934269769700848e+02
1.180000000000000000e+02 1.709934774448931591e+02
1.182000000000000028e+02 1.749935274436921304e+02
1.184000000000000057e+02 1.639935769784840147e+02
1.185999999999999943e+02 1.689936260543218225e+02
1.187999999999999972e+02 1.719936746761954680e+02
1.190000000000000000e+02 1.599937228490325936e+02
1.192000000000000028e+02 1.739937705776994221e+02
1.194000000000000057e+02 1.579938178670017805e+02
1.195999999999999943e+02 1.689938647216857248e+02
1.197999999999999972e+02 1.679939111464385633e+02
1.200000000000000000e+02 1.599939571458895671e+02
1.202000000000000028e+02 1.669940027246108230e+02
1.204000000000000057e+02 1.549940478871180574e+02
1.205999999999999943e+02 1.619940926378713471e+02
1.207999999999999972e+02 1.659941369812759149e+02
1.210000000000000000e+02 1.539941809216830109e+02
1.212000000000000028e+02 1.629942244633904238e+02
1.214000000000000057e+02 1.549942676106434192e+02
1.215999999999999943e+02 1.569943103676354497e+02
1.217999999999999972e+02 1.599943527385086952e+02
1.220000000000000000e+02 1.549943947273550009e+02
1.222000000000000028e+02 1.529944363382164170e+02
1.224000000000000057e+02 1.579944775750858810e+02
1.225999999999999943e+02 1.519945184419080420e+02
1.227999999999999972e+02 1.579945589425796868e+02
1.230000000000000000e+02 1.509945990809506213e+02
1.232000000000000028e+02 1.539946388608241534e+02
1.234000000000000057e+02 1.499946782859577752e+02
1.235999999999999943e+02 1.539947173600638166e+02
1.237999999999999972e+02 1.469947560868100140e+02
1.240000000000000000e+02 1.439947944698201638e+02
1.242000000000000028e+02 1.589948325126746340e+02
1.244000000000000057e+02 1.439948702189110179e+02
1.245999999999999943e+02 1.499949075920247594e+02
1.247999999999999972e+02 1.449949446354695795e+02
1.250000000000000000e+02 1.429949813526581011e+02
1.252000000000000028e+02 1.499950177469624748e+02
1.254000000000000057e+02 1.449950538217148619e+02
1.255999999999999943e+02 1.459950895802078890e+02
1.257999999999999972e+02 1.459951250256953017e+02
1.260000000000000000e+02 1.389951601613924765e+02
1.262000000000000028e+02 1.459951949904768185e+02
1.264000000000000057e+02 1.379952295160883864e+02
1.265999999999999943e+02 1.449952637413303194e+02
1.267999999999999972e+02 1.409952976692693198e+02
1.270000000000000000e+02 1.379953313029362221e+02
1.272000000000000028e+02 1.419953646453263900e+02
1.274000000000000057e+02 1.399953976994001437e+02
1.275999999999999943e+02 1.379954304680833843e+02
1.277999999999999972e+02 1.419954629542678504e+02
1.280000000000000000e+02 1.329954951608116858e+02
1.281999999999999886e+02 1.449955270905398947e+02
1.284000000000000057e+02 1.259955587462446971e+02
1.285999999999999943e+02 1.409955901306859971e+02
1.288000000000000114e+02 1.349956212465917815e+02
1.290000000000000000e+02 1.329956520966585742e+02
1.291999999999999886e+02 1.399956826835519053e+02
1.294000000000000057e+02 1.309957130099064671e+02
1.295999999999999943e+02 1.389957430783268535e+02
1.298000000000000114e+02 1.309957728913877020e+02
1.300000000000000000e+02 1.289958024516341482e+02
1.301999999999999886e+02 1.389958317615822523e+02
1.304000000000000057e+02 1.249958608237193403e+02
1.305999999999999943e+02 1.359958896405043447e+02
1.308000000000000114e+02 1.309959182143682312e+02
1.310000000000000000e+02 1.239959465477142970e+02
1.311999999999999886e+02 1.349959746429186112e+02
1.314000000000000057e+02 1.249960025023302279e+02
1.315999999999999943e+02 1.319960301282716841e+02
1.318000000000000114e+02 1.289960575230392408e+02
1.320000000000000000e+02 1.279960846889032098e+02
1.321999999999999886e+02 1.309961116281083662e+02
1.324000000000000057e+02 1.229961383428742039e+02
1.325999999999999943e+02 1.289961648353952910e+02
1.328000000000000114e+02 1.269961911078415113e+02
1.330000000000000000e+02 1.239962171623585334e+02
1.331999999999999886e+02 1.269962430010679526e+02
1.334000000000000057e+02 1.199962686260676747e+02
1.335999999999999943e+02 1.259962940394322288e+02
1.338000000000000114e+02 1.249963192432129944e+02
1.340000000000000000e+02 1.199963442394385709e+02
1.341999999999999886e+02 1.269963690301150052e+02
1.344000000000000057e+02 1.179963936172261043e+02
1.345999999999999943e+02 1.249964180027336909e+02
1.348000000000000114e+02 1.219964421885779018e+02
1.350000000000000000e+02 1.159964661766774583e+02
1.351999999999999886e+02 1.259964899689298932e+02
1.354000000000000057e+02 1.189965135672118635e+02
1.355999999999999943e+02 1.209965369733794063e+02
1.358000000000000114e+02 1.179965601892681519e+02
1.360000000000000000e+02 1.219965832166936082e+02
1.361999999999999886e+02 1.209966060574514159e+02
1.364000000000000057e+02 1.159966287133175769e+02
1.365999999999999943e+02 1.149966511860486804e+02
1.368000000000000114e+02 1.179966734773822168e+02
1.370000000000000000e+02 1.139966955890367046e+02
1.371999999999999886e+02 1.189967175227120038e+02
1.374000000000000057e+02 1.129967392800895425e+02
1.375999999999999943e+02 1.129967608628324598e+02
1.378000000000000114e+02 1.189967822725859463e+02
1.380000000000000000e+02 1.089968035109773865e+02
1.381999999999999886e+02 1.199968245796165860e+02
1.384000000000000057e+02 1.099968454800960131e+02
1.385999999999999943e+02 1.139968662139909839e+02
1.388000000000000114e+02 1.139968867828598604e+02
1.390000000000000000e+02 1.099969071882443075e+02
1.391999999999999886e+02 1.149969274316694623e+02
1.394000000000000057e+02 1.079969475146440914e+02
1.395999999999999943e+02 1.139969674386608887e+02
1.398000000000000114e+02 1.119969872051965609e+02
1.400000000000000000e+02 1.029970068157120977e+02
1.401999999999999886e+02 1.169970262716529277e+02
1.404000000000000057e+02 1.079970455744491318e+02
1.405999999999999943e+02 1.079970647255155711e+02
1.408000000000000114e+02 1.119970837262521428e+02
1.410000000000000000e+02 1.059971025780438936e+02
1.411999999999999886e+02 1.119971212822612188e+02
1.414000000000000057e+02 1.029971398402600897e+02
1.415999999999999943e+02 1.089971582533821390e+02
1.418000000000000114e+02 1.069971765229548737e+02
1.420000000000000000e+02 1.029971946502918598e+02
1.421999999999999886e+02 1.109972126366928649e+02
1.424000000000000057e+02 9.999723048344401377e+01
1.425999999999999943e+02 1.069972481918179597e+02
1.428000000000000114e+02 1.109972657630740684e+02
1.430000000000000000e+02 9.699728319845853264e+01
1.431999999999999886e+02 1.109973004992045560e+02
1.434000000000000057e+02 9.599731766653249565e+01
1.435999999999999943e+02 1.069973347016500043e+02
1.438000000000000114e+02 1.029973516057522147e+02
1.440000000000000000e+02 9.799736838002182537e+01
1.441999999999999886e+02 1.079973850256292991e+02
1.444000000000000057e+02 9.699740154373301948e+01
1.445999999999999943e+02 1.029974179354793336e+02
1.448000000000000114e+02 1.079974342020028217e+02
1.450000000000000000e+02 9.199745034442635472e+01
1.451999999999999886e+02 1.059974663638612213e+02
1.454000000000000057e+02 9.699748226140732754e+01
1.455999999999999943e+02 9.699749803815325322e+01
1.458000000000000114e+02 1.019975136951764796e+02
1.460000000000000000e+02 9.499752923354337497e+01
1.461999999999999886e+02 1.039975446543094790e+02
1.464000000000000057e+02 9.599755995851953116e+01
1.465999999999999943e+02 9.799757514720759843e+01
1.468000000000000114e+02 9.799759022139724607e+01
1.470000000000000000e+02 9.399760518210160853e+01
1.471999999999999886e+02 1.079976200303235601e+02
1.474000000000000057e+02 8.799763476705578569e+01
1.475999999999999943e+02 9.699764939328089497e+01
1.478000000000000114e+02 1.019976639099716209e+02
1.480000000000000000e+02 9.199767831809079155e+01
1.481999999999999886e+02 9.499769261859158576e+01
1.484000000000000057e+02 9.699770681241754744e+01
1.485999999999999943e+02 9.399772090050272766e+01
1.488000000000000114e+02 9.799773488377178410e+01
1.490000000000000000e+02 8.699774876314012317e+01
1.491999999999999886e+02 9.999776253951395688e+01
1.494000000000000057e+02 9.099777621379041648e+01
1.495999999999999943e+02 9.499778978685768038e+01
1.498000000000000114e+02 9.599780325959504523e+01
1.500000000000000000e+02 9.099781663287306799e+01
1.501999999999999886e+02 9.599782990755359435e+01
1.504000000000000057e+02 8.999784308448994352e+01
1.505999999999999943e+02 9.099785616452690817e+01
1.508000000000000114e+02 9.399786914850095343e+01
1.510000000000000000e+02 8.699788203724023106e+01
1.511999999999999886e+02 9.499789483156469316e+01
1.514000000000000057e+02 8.599790753228620588e+01
1.515999999999999943e+02 8.899792014020859199e+01
1.518000000000000114e+02 9.399793265612780147e+01
1.520000000000000000e+02 8.599794508083191147e+01
1.521999999999999886e+02 9.299795741510125424e+01
1.524000000000000057e+02 8.199796965970851659e+01
1.525999999999999943e+02 9.199798181541878250e+01
1.528000000000000114e+02 8.999799388298967528e+01
1.530000000000000000e+02 8.399800586317140016e+01
1.531999999999999886e+02 9.299801775670680115e+01
1.534000000000000057e+02 8.499802956433150314e+01
1.535999999999999943e+02 8.699804128677398296e+01
1.538000000000000114e+02 9.099805292475556939e+01
1.540000000000000000e+02 7.999806447899064210e+01
1.541999999999999886e+02 9.299807595018660322e+01
1.544000000000000057e+02 8.199808733904401947e+01
1.545999999999999943e+02 8.599809864625665057e+01
1.548000000000000114e+02 8.499810987251159133e+01
1.550000000000000000e+02 8.099812101848924328e+01
1.551999999999999886e+02 9.199813208486347094e+01
1.554000000000000057e+02 8.099814307230167287e+01
1.555999999999999943e+02 8.699815398146479595e+01
1.558000000000000114e+02 8.799816481300742055e+01
1.560000000000000000e+02 7.699817556757787429e+01
1.561999999999999886e+02 8.699818624581827464e+01
1.564000000000000057e+02 8.099819684836454314e+01
1.565999999999999943e+02 8.399820737584657593e+01
1.568000000000000114e+02 8.499821782888821531e+01
1.570000000000000000e+02 7.999822820810737767e+01
1.571999999999999886e+02 8.599823851411608189e+01
1.574000000000000057e+02 7.899824874752052040e+01
1.575999999999999943e+02 8.299825890892111602e+01
1.578000000000000114e+02 8.099826899891260723e+01
1.580000000000000000e+02 7.699827901808410502e+01
1.581999999999999886e+02 8.599828896701912129e+01
1.584000000000000057e+02 7.699829884629563992e+01
1.585999999999999943e+02 8.299830865648621625e+01
1.588000000000000114e+02 8.399831839815799128e+01
1.590000000000000000e+02 7.499832807187274852e+01
1.591999999999999886e+02 8.099833767818699926e+01
1.594000000000000057e+02 7.799834721765202517e+01
1.595999999999999943e+02 8.099835669081392098e+01
1.598000000000000114e+02 7.899836609821369393e+01
1.600000000000000000e+02 7.799837544038722115e+01
1.601999999999999886e+02 8.299838471786542016e+01
1.604000000000000057e+02 7.599839393117424891e+01
1.605999999999999943e+02 7.899840308083471996e+01
1.608000000000000114e+02 7.599841216736302840e+01
1.610000000000000000e+02 7.399842119127053763e+01
1.611999999999999886e+02 8.499843015306387883e+01
1.614000000000000057e+02 7.399843905324495097e+01
1.615999999999999943e+02 7.699844789231102027e+01
1.618000000000000114e+02 8.199845667075474864e+01
1.620000000000000000e+02 6.599846538906422211e+01
1.621999999999999886e+02 8.399847404772303605e+01
1.624000000000000057e+02 7.499848264721029523e+01
1.625999999999999943e+02 7.399849118800071324e+01
1.628000000000000114e+02 7.999849967056461253e+01
1.630000000000000000e+02 6.899850809536802387e+01
1.631999999999999886e+02 8.399851646287264373e+01
1.634000000000000057e+02 6.899852477353599056e+01
1.635999999999999943e+02 7.899853302781133380e+01
1.638000000000000114e+02 7.699854122614782170e+01
1.640000000000000000e+02 6.799854936899050983e+01
1.641999999999999886e+02 7.799855745678037522e+01
1.644000000000000057e+02 7.299856548995437322e+01
1.645999999999999943e+02 7.599857346894545174e+01
1.648000000000000114e+02 7.499858139418267911e+01
1.650000000000000000e+02 6.799858926609117304e+01
1.651999999999999886e+02 7.999859708509220013e+01
1.654000000000000057e+02 6.999860485160321844e+01
1.655999999999999943e+02 7.299861256603792015e+01
1.658000000000000114e+02 7.299862022880621737e+01
1.660000000000000000e+02 7.099862784031435581e+01
1.661999999999999886e+02 7.499863540096488634e+01
1.664000000000000057e+02 7.199864291115673609e+01
1.665999999999999943e+02 7.199865037128525103e+01
1.668000000000000114e+02 7.199865778174222442e+01
1.670000000000000000e+02 6.699866514291592523e+01
1.671999999999999886e+02 7.799867245519111236e+01
1.674000000000000057e+02 6.699867971894914831e+01
1.675999999999999943e+02 7.299868693456792812e+01
1.678000000000000114e+02 7.099869410242200729e+01
1.680000000000000000e+02 6.899870122288260177e+01
1.681999999999999886e+02 7.299870829631755953e+01
1.684000000000000057e+02 6.699871532309150268e+01
1.685999999999999943e+02 7.399872230356579905e+01
1.688000000000000114e+02 6.699872923809860481e+01
1.690000000000000000e+02 6.899873612704487869e+01
1.691999999999999886e+02 7.399874297075645302e+01
1.694000000000000057e+02 6.399874976958201245e+01
1.695999999999999943e+02 6.899875652386720049e+01
1.698000000000000114e+02 6.899876323395456268e+01
1.700000000000000000e+02 6.599876990018366030e+01
1.701999999999999886e+02 7.199877652289102059e+01
1.704000000000000057e+02 6.699878310241022916e+01
1.705999999999999943e+02 7.199878963907194418e+01
1.708000000000000114e+02 6.699879613320389637e+01
1.710000000000000000e+02 6.299880258513095299e+01
1.711999999999999886e+02 7.199880899517512489e+01
1.714000000000000057e+02 6.699881536365562340e+01
1.715999999999999943e+02 6.399882169088883188e+01
1.718000000000000114e+02 7.199882797718841232e+01
1.720000000000000000e+02 5.799883422286523427e+01
1.721999999999999886e+02 7.399884042822750985e+01
1.724000000000000057e+02 6.199884659358075112e+01
1.725999999999999943e+02 6.599885271922778429e+01
1.728000000000000114e+02 6.799885880546885630e+01
1.730000000000000000e+02 6.099886485260154245e+01
1.731999999999999886e+02 6.999887086092090271e+01
1.734000000000000057e+02 6.299887683071940359e+01
1.735999999999999943e+02 6.399888276228699624e+01
1.738000000000000114e+02 6.899888865591111653e+01
1.740000000000000000e+02 6.099889451187672762e+01
1.741999999999999886e+02 6.799890033046632709e+01
1.744000000000000057e+02 6.499890611196001089e+01
1.745999999999999943e+02 6.299891185663540938e+01
1.748000000000000114e+02 6.699891756476782234e+01
1.750000000000000000e+02 6.399892323663014793e+01
1.751999999999999886e+02 6.699892887249296791e+01
1.754000000000000057e+02 6.199893447262454771e+01
1.755999999999999943e+02 6.199894003729083636e+01
1.758000000000000114e+02 6.399894556675553048e+01
1.760000000000000000e+02 5.899895106128006717e+01
1.761999999999999886e+02 6.899895652112365951e+01
1.764000000000000057e+02 5.999896194654331794e+01
1.765999999999999943e+02 6.399896733779384306e+01
1.768000000000000114e+02 6.299897269512790388e+01
1.770000000000000000e+02 5.799897801879599513e+01
1.771999999999999886e+02 6.499898330904650834e+01
1.774000000000000057e+02 6.099898856612571052e+01
1.775999999999999943e+02 6.199899379027781521e+01
1.778000000000000114e+02 6.299899898174493984e+01
1.780000000000000000e+02 5.899900414076718391e+01
1.781999999999999886e+02 6.499900926758260766e+01
1.784000000000000057e+02 6.099901436242727470e+01
1.785999999999999943e+02 5.799901942553525203e+01
1.788000000000000114e+02 6.599902445713864552e+01
1.790000000000000000e+02 5.299902945746760707e+01
1.791999999999999886e+02 6.499903442675037013e+01
1.794000000000000057e+02 5.799903936521325676e+01
1.795999999999999943e+02 5.999904427308067767e+01
1.798000000000000114e+02 6.099904915057518195e+01
1.800000000000000000e+02 5.499905399791745708e+01
1.801999999999999886e+02 5.899905881532634311e+01
1.804000000000000057e+02 5.999906360301886821e+01
1.805999999999999943e+02 5.999906836121024867e+01
1.808000000000000114e+02 5.899907309011391021e+01
1.810000000000000000e+02 6.099907778994150931e+01
1.811999999999999886e+02 5.599908246090294739e+01
1.814000000000000057e+02 6.099908710320637795e+01
1.815999999999999943e+02 5.599909171705823496e+01
1.818000000000000114e+02 5.399909630266326133e+01
1.820000000000000000e+02 9.910086022448090504e-02
