# energy (eV)  EELS (a.u)
2.000000000000000000e+00 7.835999919638743449e+01
2.200000999999999873e+00 -4.378100856484115866e+01
2.399999999999999911e+00 -3.828589449686842272e+01
2.600000000000000089e+00 -1.282660673508075888e+01
2.800000999999999962e+00 -5.950598097479087301e-01
3.000000000000000000e+00 4.020928706377480921e+01
3.200000999999999873e+00 6.159422563941961926e+01
3.399999999999999911e+00 9.263346837222297836e+01
3.600000000000000089e+00 1.154707004828260324e+02
3.800000999999999962e+00 1.414103030580247378e+02
4.000000000000000000e+00 1.585579249989687014e+02
4.200001000000000317e+00 1.792137090401363366e+02
4.400000000000000355e+00 1.971136834600741849e+02
4.599999999999999645e+00 2.075962533454126060e+02
4.800000999999999962e+00 2.147078250901030287e+02
5.000000000000000000e+00 2.242783428336236966e+02
5.200001000000000317e+00 2.299762230391737603e+02
5.400000000000000355e+00 2.333435256118269763e+02
5.599999999999999645e+00 2.358265824247464479e+02
5.800000999999999962e+00 2.397949507203786652e+02
6.000000000000000000e+00 2.395572448846942279e+02
6.200001000000000317e+00 2.383743010984991315e+02
6.400000000000000355e+00 2.304665582234715657e+02
6.599999999999999645e+00 2.230229989721083257e+02
6.800000999999999962e+00 2.092056903261895968e+02
7.000000000000000000e+00 2.011544115168517237e+02
7.200001000000000317e+00 1.949911246005423209e+02
7.400000000000000355e+00 1.858216475560941490e+02
7.599999999999999645e+00 1.837392486261679778e+02
7.800000999999999962e+00 1.798258166932565132e+02
8.000000000000000000e+00 1.821535452824416552e+02
8.200001000000000317e+00 1.817868914140827314e+02
8.400000000000000355e+00 1.857827807169998096e+02
8.599999999999999645e+00 1.861924325550964454e+02
8.800000999999999962e+00 1.920615745240094157e+02
9.000000000000000000e+00 1.954311588723311388e+02
9.200001000000000317e+00 1.983384040496762282e+02
9.400002000000000635e+00 2.058166704358136485e+02
9.600001999999999924e+00 2.078962215967183056e+02
9.799998999999999683e+00 2.146045002485527675e+02
1.000000000000000000e+01 2.199668093453664142e+02
1.019999999999999929e+01 2.250057893874867432e+02
1.040000000000000036e+01 2.337423440610560306e+02
1.059999999999999964e+01 2.401955803570916146e+02
1.080000000000000071e+01 2.503830278369267717e+02
1.100000000000000000e+01 2.573207981904957364e+02
1.119999999999999929e+01 2.690237258063460217e+02
1.140000000000000036e+01 2.795054919388998655e+02
1.159999999999999964e+01 2.917787346637637143e+02
1.180000000000000071e+01 3.038551464836892819e+02
1.200000000000000000e+01 3.227455611738961920e+02
1.219999999999999929e+01 3.354600312260695887e+02
1.240000000000000036e+01 3.550078970575567610e+02
1.259999999999999964e+01 3.823978489897228883e+02
1.280000000000000071e+01 4.076379828619189993e+02
1.300000000000000000e+01 4.397358500308361045e+02
1.319999999999999929e+01 4.816985024057336773e+02
1.340000000000000036e+01 5.445325330852855359e+02
1.359999999999999964e+01 6.162441130892766523e+02
1.380000000000000071e+01 7.298390246161551431e+02
1.400000000000000000e+01 8.233226912039168610e+02
1.419999999999999929e+01 9.777002051256386039e+02
1.440000000000000036e+01 1.108976352311063692e+03
1.459999999999999964e+01 1.270155635051071386e+03
1.480000000000000071e+01 1.351242292711824120e+03
1.500000000000000000e+01 1.372240320659259623e+03
1.519999999999999929e+01 1.324153487571788446e+03
1.540000000000000036e+01 1.227985351299144440e+03
1.559999999999999964e+01 1.143739273407885094e+03
1.580000000000000071e+01 1.030418432538727757e+03
1.600000000000000000e+01 9.440258366874583089e+02
1.619999999999999929e+01 8.565643345092923937e+02
1.639999999999999858e+01 7.980366257361147291e+02
1.660000000000000142e+01 7.484452707867881145e+02
1.680000000000000071e+01 7.127926996425348989e+02
1.700000000000000000e+01 6.850812200521517070e+02
1.719999999999999929e+01 6.613130251253695633e+02
1.739999999999999858e+01 6.434902003669465103e+02
1.760000000000000142e+01 6.336147301989752805e+02
1.780000000000000071e+01 6.176885040143372407e+02
1.800000000000000000e+01 6.127133218001638397e+02
1.819999999999999929e+01 6.056908993665315393e+02
1.839999999999999858e+01 6.006228732123510099e+02
1.860000000000000142e+01 5.985108050574938261e+02
1.880000000000000071e+01 5.973561860675656590e+02
1.900000000000000000e+01 5.941604407953789178e+02
1.919999999999999929e+01 5.929249308610470734e+02
1.939999999999999858e+01 5.926509583907043179e+02
1.960000000000000142e+01 5.923397692321274235e+02
1.980000000000000071e+01 5.939925559639651738e+02
2.000000000000000000e+01 5.926104607138736355e+02
2.019999999999999929e+01 5.911945777995666731e+02
2.039999999999999858e+01 5.927459562056326376e+02
2.060000000000000142e+01 5.912656019079131511e+02
2.080000000000000071e+01 5.907544800562782257e+02
2.100000000000000000e+01 5.882135170257665777e+02
2.119999999999999929e+01 5.896436023452586142e+02
2.139999999999999858e+01 5.860455905121327760e+02
2.160000000000000142e+01 5.844203027006929005e+02
2.180000000000000071e+01 5.807685283715533160e+02
2.200000000000000000e+01 5.770910267886168867e+02
2.219999999999999929e+01 5.733885284497797556e+02
2.239999999999999858e+01 5.696617364370335963e+02
2.260000000000000142e+01 5.639113276912142965e+02
2.280000000000000071e+01 5.591379542162619600e+02
2.300000000000000000e+01 5.533422442174958178e+02
2.319999999999999929e+01 5.475248031780868132e+02
2.339999999999999858e+01 5.396862148776085633e+02
2.360000000000000142e+01 5.328270423562689757e+02
2.380000000000000071e+01 5.249478288281756022e+02
2.400000000000000000e+01 5.170490985467495193e+02
2.419999999999999929e+01 5.081313576251877748e+02
2.439999999999999858e+01 5.001950948146762812e+02
2.460000000000000142e+01 4.932407822428703525e+02
2.480000000000000071e+01 4.842688761149892684e+02
2.500000000000000000e+01 4.752798173797160644e+02
2.519999999999999929e+01 4.692740323619457854e+02
2.539999999999999858e+01 4.602519333642935635e+02
2.560000000000000142e+01 4.522139192391466622e+02
2.580000000000000071e+01 4.431603759329303784e+02
2.600000000000000000e+01 4.370916770041505401e+02
2.619999999999999929e+01 4.290081841166743857e+02
2.639999999999999858e+01 4.199102475096206604e+02
2.660000000000000142e+01 4.137982064451426822e+02
2.680000000000000071e+01 4.066723896353086616e+02
2.700000000000000000e+01 4.015331156492097193e+02
2.719999999999999929e+01 3.933806933013546541e+02
2.739999999999999858e+01 3.882154220223491734e+02
2.760000000000000142e+01 3.820375922127943795e+02
2.780000000000000071e+01 3.768474855812843884e+02
2.800000000000000000e+01 3.706453754673314052e+02
2.819999999999999929e+01 3.644315271499955315e+02
2.839999999999999858e+01 3.592061981429530988e+02
2.860000000000000142e+01 3.559696384766941719e+02
2.880000000000000071e+01 3.497220909684985486e+02
2.900000000000000000e+01 3.484637914808043888e+02
2.919999999999999929e+01 3.431949691685473454e+02
2.939999999999999858e+01 3.399158467160156079e+02
2.960000000000000142e+01 3.346266405637361459e+02
2.980000000000000071e+01 3.303275611258776507e+02
3.000000000000000000e+01 3.260188129986307786e+02
3.019999999999999929e+01 3.257005951599979312e+02
3.039999999999999858e+01 3.173731011614045201e+02
3.060000000000000142e+01 3.150365193115189300e+02
3.080000000000000071e+01 3.086910328526487319e+02
3.100000000000000000e+01 3.043368201300601186e+02
3.119999999999999929e+01 3.029740547545505933e+02
3.139999999999999858e+01 2.976029057585857345e+02
3.160000000000000142e+01 2.942235377462955626e+02
3.180000000000000071e+01 2.888361110376106922e+02
3.200000000000000000e+01 2.874407818068035567e+02
3.220000000000000284e+01 2.830377022156868634e+02
3.239999999999999858e+01 2.796270205417068837e+02
3.260000000000000142e+01 2.772088813011607726e+02
3.279999999999999716e+01 2.737834253677503966e+02
3.300000000000000000e+01 2.703507900866798650e+02
3.320000000000000284e+01 2.679111093844891229e+02
3.339999999999999858e+01 2.644645138748093132e+02
3.360000000000000142e+01 2.630111309602156666e+02
3.379999999999999716e+01 2.575510849303442455e+02
3.400000000000000000e+01 2.560844970564318146e+02
3.420000000000000284e+01 2.546114856824307253e+02
3.439999999999999858e+01 2.501321663128412069e+02
3.460000000000000142e+01 2.496466516974001024e+02
3.479999999999999716e+01 2.451550519127549990e+02
3.500000000000000000e+01 2.436574744412490077e+02
3.520000000000000284e+01 2.401540242469349096e+02
3.539999999999999858e+01 2.396448038489308203e+02
3.560000000000000142e+01 2.361299133922266265e+02
3.579999999999999716e+01 2.336094507160424314e+02
3.600000000000000000e+01 2.330835114198383735e+02
3.620000000000000284e+01 2.285521889270689258e+02
3.639999999999999858e+01 2.270155745467712904e+02
3.660000000000000142e+01 2.234737575330728987e+02
3.679999999999999716e+01 2.229268251427002099e+02
3.700000000000000000e+01 2.193748626905662036e+02
3.720000000000000284e+01 2.178179536035111994e+02
3.739999999999999858e+01 2.182561794722682293e+02
3.760000000000000142e+01 2.156896201017212604e+02
3.779999999999999716e+01 2.131183535595206706e+02
3.800000000000000000e+01 2.095424562231192169e+02
3.820000000000000284e+01 2.089620028252872146e+02
3.839999999999999858e+01 2.073770664981645950e+02
3.860000000000000142e+01 2.057877188159042134e+02
3.879999999999999716e+01 2.031940298359583608e+02
3.900000000000000000e+01 1.985960681390594971e+02
3.920000000000000284e+01 1.979939008679419317e+02
3.939999999999999858e+01 1.963875937648516015e+02
3.960000000000000142e+01 1.957772112078873192e+02
3.979999999999999716e+01 1.941628162462156411e+02
4.000000000000000000e+01 1.905444706342007919e+02
4.020000000000000284e+01 1.899222348644871090e+02
4.039999999999999858e+01 1.872961682000726285e+02
4.060000000000000142e+01 1.866663287054085174e+02
4.079999999999999716e+01 1.820327732765593964e+02
4.100000000000000000e+01 1.833955576704571513e+02
4.120000000000000284e+01 1.817547365332797540e+02
4.139999999999999858e+01 1.781103634279861012e+02
4.160000000000000142e+01 1.784624908610348939e+02
4.179999999999999716e+01 1.748111703083170596e+02
4.200000000000000000e+01 1.751564522403272690e+02
4.220000000000000284e+01 1.744983861466013195e+02
4.239999999999999858e+01 1.708370205594439994e+02
4.260000000000000142e+01 1.701724030769712499e+02
4.279999999999999716e+01 1.665045803854897599e+02
4.300000000000000000e+01 1.678335982812361635e+02
4.320000000000000284e+01 1.661595016914968141e+02
4.339999999999999858e+01 1.644823346951291967e+02
4.360000000000000142e+01 1.608021405425041053e+02
4.379999999999999716e+01 1.641189616748878848e+02
4.400000000000000000e+01 1.584328397432828979e+02
4.420000000000000284e+01 1.597438156267438103e+02
4.439999999999999858e+01 1.570519294501866341e+02
4.460000000000000142e+01 1.563572206017071551e+02
4.479999999999999716e+01 1.546597277494235527e+02
4.500000000000000000e+01 1.549594888578596397e+02
4.520000000000000284e+01 1.532565412038820796e+02
4.539999999999999858e+01 1.495509213922067033e+02
4.560000000000000142e+01 1.518426653704867704e+02
4.579999999999999716e+01 1.491318084439963627e+02
4.600000000000000000e+01 1.484183852899219573e+02
4.620000000000000284e+01 1.467024299712738866e+02
4.639999999999999858e+01 1.449839759504294534e+02
4.660000000000000142e+01 1.442630561023193820e+02
4.679999999999999716e+01 1.445397027272681783e+02
4.700000000000000000e+01 1.428139475634989708e+02
4.720000000000000284e+01 1.410858217993133508e+02
4.739999999999999858e+01 1.393553560849554458e+02
4.760000000000000142e+01 1.416225805441704892e+02
4.779999999999999716e+01 1.368875247854662121e+02
4.800000000000000000e+01 1.381502179130865784e+02
4.820000000000000284e+01 1.364106885377062213e+02
4.839999999999999858e+01 1.346689647868533939e+02
4.860000000000000142e+01 1.369250743150704750e+02
4.879999999999999716e+01 1.341790443138182809e+02
4.900000000000000000e+01 1.334309015211332223e+02
4.920000000000000284e+01 1.316806722310431326e+02
4.939999999999999858e+01 1.319283823027496965e+02
4.960000000000000142e+01 1.301740571695839037e+02
4.979999999999999716e+01 1.304177218477406370e+02
5.000000000000000000e+01 1.286594009447996427e+02
5.020000000000000284e+01 1.268991186680379144e+02
5.039999999999999858e+01 1.281368988325402825e+02
5.060000000000000142e+01 1.263727648691133538e+02
5.079999999999999716e+01 1.246067398320086141e+02
5.100000000000000000e+01 1.258388464064599503e+02
5.120000000000000284e+01 1.220691069160407096e+02
5.139999999999999858e+01 1.242975433298455386e+02
5.160000000000000142e+01 1.235241772695016209e+02
5.179999999999999716e+01 1.217490300160141032e+02
5.200000000000000000e+01 1.199721225164502982e+02
5.220000000000000284e+01 1.201934753904670572e+02
5.239999999999999858e+01 1.184131089366856600e+02
5.260000000000000142e+01 1.186310431389180451e+02
5.279999999999999716e+01 1.178472976722490557e+02
5.300000000000000000e+01 1.180618919089777989e+02
5.320000000000000284e+01 1.152748449244223963e+02
5.339999999999999858e+01 1.164861755025918768e+02
5.360000000000000142e+01 1.156959021417281832e+02
5.379999999999999716e+01 1.139040430597223974e+02
5.400000000000000000e+01 1.141106161994080139e+02
5.420000000000000284e+01 1.133156392337348564e+02
5.439999999999999858e+01 1.145191295708264363e+02
5.460000000000000142e+01 1.117211043589241797e+02
5.479999999999999716e+01 1.109215804912210217e+02
5.500000000000000000e+01 1.111205746105878234e+02
5.520000000000000284e+01 1.103181031141946278e+02
5.539999999999999858e+01 1.105141821580302803e+02
5.560000000000000142e+01 1.087088276613223172e+02
5.579999999999999716e+01 1.079020553108602059e+02
5.600000000000000000e+01 1.080938805652240262e+02
5.620000000000000284e+01 1.092843186589211655e+02
5.639999999999999858e+01 1.064733846064334273e+02
5.660000000000000142e+01 1.066610932061765737e+02
5.679999999999999716e+01 1.048474590443747729e+02
5.700000000000000000e+01 1.060324964988518559e+02
5.720000000000000284e+01 1.042162197427415435e+02
5.739999999999999858e+01 1.053986427481188315e+02
5.760000000000000142e+01 1.015797792895540397e+02
5.779999999999999716e+01 1.047596429475920274e+02
5.800000000000000000e+01 1.029382471121577964e+02
5.820000000000000284e+01 1.031156049858908546e+02
5.839999999999999858e+01 1.002917295874096340e+02
5.860000000000000142e+01 1.004666337545079244e+02
5.879999999999999716e+01 1.016403301472848852e+02
5.900000000000000000e+01 1.008128312512102411e+02
5.920000000000000284e+01 9.998414938012621178e+01
5.939999999999999858e+01 9.915429667918772338e+01
5.960000000000000142e+01 9.832328512774242313e+01
5.979999999999999716e+01 9.849112654215176121e+01
6.000000000000000000e+01 9.865783257855467525e+01
6.020000000000000284e+01 9.782341473557539757e+01
6.039999999999999858e+01 9.598788435697616706e+01
6.060000000000000142e+01 9.715125263425687763e+01
6.079999999999999716e+01 9.631353060920218923e+01
6.100000000000000000e+01 9.447472917637796286e+01
6.120000000000000284e+01 9.763485908557757398e+01
6.139999999999999858e+01 9.479393094421990895e+01
6.160000000000000142e+01 9.495195521969958463e+01
6.179999999999999716e+01 9.410894224169095423e+01
6.200000000000000000e+01 9.526490220440662426e+01
6.220000000000000284e+01 9.241984516881167622e+01
6.239999999999999858e+01 9.357378106479461621e+01
6.260000000000000142e+01 9.272671969329604735e+01
6.279999999999999716e+01 9.087867072839584637e+01
6.300000000000000000e+01 9.402964371936013777e+01
6.320000000000000284e+01 9.317964809264842074e+01
6.339999999999999858e+01 9.032869315388242626e+01
6.360000000000000142e+01 9.247678808977704534e+01
6.379999999999999716e+01 9.062394197003422391e+01
6.400000000000000000e+01 8.977016374920103203e+01
6.420000000000000284e+01 9.091546226849214918e+01
6.440000000000000568e+01 9.005984625757808715e+01
6.459999999999999432e+01 9.020332433633942060e+01
6.479999999999999716e+01 8.834590501658824735e+01
6.500000000000000000e+01 8.848759670375707742e+01
6.520000000000000284e+01 8.862840769855642975e+01
6.540000000000000568e+01 8.976834619860119346e+01
6.559999999999999432e+01 8.890742030000713214e+01
6.579999999999999716e+01 8.804563799895751686e+01
6.600000000000000000e+01 8.818300719324093961e+01
6.620000000000000284e+01 8.631953568376079033e+01
6.640000000000000568e+01 8.745523117601703689e+01
6.659999999999999432e+01 8.659010128156081976e+01
6.679999999999999716e+01 8.672415351942269979e+01
6.700000000000000000e+01 8.585739531751460163e+01
6.720000000000000284e+01 8.698983401400661819e+01
6.740000000000000568e+01 8.612147685867880398e+01
6.759999999999999432e+01 8.625233101424856841e+01
6.779999999999999716e+01 8.338240355767435119e+01
6.800000000000000000e+01 8.751170148143572192e+01
6.820000000000000284e+01 8.364023169479077069e+01
6.840000000000000568e+01 8.576800102501115930e+01
6.859999999999999432e+01 8.389501621859491820e+01
6.879999999999999716e+01 8.502128394245826826e+01
6.900000000000000000e+01 8.314681078510585621e+01
6.920000000000000284e+01 8.427160325778083916e+01
6.940000000000000568e+01 8.339566779559451959e+01
6.959999999999999432e+01 8.351901075863628421e+01
6.979999999999999716e+01 8.364163843306423018e+01
7.000000000000000000e+01 8.276355703217673465e+01
7.020000000000000284e+01 8.288477269746547904e+01
7.040000000000000568e+01 8.200529149965021247e+01
7.059999999999999432e+01 8.412511943969576578e+01
7.079999999999999716e+01 8.124426244981145828e+01
7.100000000000000000e+01 8.236272639443345156e+01
7.120000000000000284e+01 8.248051707119020648e+01
7.140000000000000568e+01 8.259764021185164040e+01
7.159999999999999432e+01 8.371410148326191347e+01
7.179999999999999716e+01 8.382990648825669666e+01
7.200000000000000000e+01 8.494506076656460891e+01
7.220000000000000284e+01 8.405956979569366183e+01
7.240000000000000568e+01 8.517343899180281142e+01
7.259999999999999432e+01 8.528667371055877311e+01
7.279999999999999716e+01 8.339927924797858338e+01
7.300000000000000000e+01 8.651126084125812099e+01
7.320000000000000284e+01 8.362262366958681525e+01
7.340000000000000568e+01 8.573337285494889670e+01
7.359999999999999432e+01 8.384351346291138896e+01
7.379999999999999716e+01 8.495305050339899822e+01
7.400000000000000000e+01 8.506198893145648299e+01
7.420000000000000284e+01 8.317033364799829087e+01
7.440000000000000568e+01 8.427808950054605930e+01
7.459999999999999432e+01 8.538526128395412229e+01
7.479999999999999716e+01 8.549185374112309432e+01
7.500000000000000000e+01 8.259787156370197181e+01
7.520000000000000284e+01 8.570331939277883748e+01
7.540000000000000568e+01 8.480820181956048032e+01
7.559999999999999432e+01 8.691252338604093097e+01
7.579999999999999716e+01 8.201628858565953806e+01
7.600000000000000000e+01 8.611950186394815887e+01
7.620000000000000284e+01 8.622216761916834571e+01
7.640000000000000568e+01 8.532429020293815825e+01
7.659999999999999432e+01 8.742587392084922726e+01
7.679999999999999716e+01 8.452692303307379973e+01
7.700000000000000000e+01 8.562744175496243315e+01
7.720000000000000284e+01 8.572743425763215441e+01
7.740000000000000568e+01 8.782690466854532474e+01
7.759999999999999432e+01 8.492585707207965129e+01
7.779999999999999716e+01 8.702429551008899011e+01
7.800000000000000000e+01 8.812222398245572208e+01
7.820000000000000284e+01 8.621964644763423280e+01
7.840000000000000568e+01 8.731656682318619289e+01
7.859999999999999432e+01 8.541298898630748226e+01
7.879999999999999716e+01 8.850891677434697158e+01
7.900000000000000000e+01 8.560435398531734563e+01
7.920000000000000284e+01 8.769930437839802551e+01
7.940000000000000568e+01 8.779377167443050212e+01
7.959999999999999432e+01 8.388775955640602433e+01
7.979999999999999716e+01 8.798127166994586901e+01
8.000000000000000000e+01 8.507431162377430667e+01
8.020000000000000284e+01 8.716688299018446173e+01
8.040000000000000568e+01 8.525898930549703891e+01
8.059999999999999432e+01 8.535063407051222839e+01
8.079999999999999716e+01 8.744182075095471873e+01
8.100000000000000000e+01 8.453255277791214439e+01
8.120000000000000284e+01 8.662283354826681148e+01
8.140000000000000568e+01 8.671266642512118494e+01
8.159999999999999432e+01 8.480205473821681039e+01
8.179999999999999716e+01 8.589100178434728150e+01
8.200000000000000000e+01 8.697951082776481257e+01
8.220000000000000284e+01 8.606758510058098466e+01
8.240000000000000568e+01 8.615522780316152307e+01
8.259999999999999432e+01 8.524244210451527692e+01
8.279999999999999716e+01 8.632923114267748588e+01
8.300000000000000000e+01 8.741559802508746202e+01
8.320000000000000284e+01 8.550154582896065847e+01
8.340000000000000568e+01 8.658707760165550837e+01
8.359999999999999432e+01 8.567219636103472169e+01
8.379999999999999716e+01 8.675690509582153709e+01
8.400000000000000000e+01 8.484120676595063060e+01
8.420000000000000284e+01 8.592510430291417833e+01
8.440000000000000568e+01 8.500860061010267543e+01
8.459999999999999432e+01 8.709169856314117908e+01
8.479999999999999716e+01 8.617440101022043564e+01
8.500000000000000000e+01 8.525671077242351714e+01
8.520000000000000284e+01 8.633863064404755505e+01
8.540000000000000568e+01 8.442016339292119653e+01
8.559999999999999432e+01 8.550131176071728589e+01
8.579999999999999716e+01 8.658207846326128276e+01
8.600000000000000000e+01 8.566246619083526070e+01
8.620000000000000284e+01 8.574247760847768518e+01
8.640000000000000568e+01 8.482211535627888566e+01
8.659999999999999432e+01 8.590138204967237812e+01
8.679999999999999716e+01 8.398028027972237908e+01
8.700000000000000000e+01 8.505881261340684318e+01
8.720000000000000284e+01 8.613698159389697651e+01
8.740000000000000568e+01 8.621478974083265712e+01
8.759999999999999432e+01 8.529223955059410400e+01
8.779999999999999716e+01 8.436933349656975167e+01
8.800000000000000000e+01 8.744607402942045837e+01
8.820000000000000284e+01 8.552246357734011895e+01
8.840000000000000568e+01 8.459850454631252603e+01
8.859999999999999432e+01 8.567419932036501962e+01
8.879999999999999716e+01 8.774955026181834228e+01
8.900000000000000000e+01 8.482455971153332541e+01
8.920000000000000284e+01 8.589922998915403696e+01
8.940000000000000568e+01 8.597356339334784536e+01
8.959999999999999432e+01 8.704756220204197348e+01
8.979999999999999716e+01 8.712122867265708237e+01
9.000000000000000000e+01 8.619456504233758665e+01
9.020000000000000284e+01 8.526757352817887181e+01
9.040000000000000568e+01 8.634025632745152734e+01
9.059999999999999432e+01 8.841261561782249601e+01
9.079999999999999716e+01 8.748465355757335260e+01
9.100000000000000000e+01 8.755637228581558418e+01
9.120000000000000284e+01 8.662777392270308496e+01
9.140000000000000568e+01 8.669886056964175225e+01
9.159999999999999432e+01 8.776963430949641065e+01
9.179999999999999716e+01 8.684009720679492261e+01
9.200000000000000000e+01 8.891025130792957043e+01
9.220000000000000284e+01 8.698009864135590874e+01
9.240000000000000568e+01 8.804964121778894537e+01
9.259999999999999432e+01 8.911888103039663633e+01
9.279999999999999716e+01 8.918782005499116394e+01
9.300000000000000000e+01 8.825646025021734431e+01
9.320000000000000284e+01 8.932480355773881797e+01
9.340000000000000568e+01 8.839285190242178203e+01
9.359999999999999432e+01 8.946060719251630644e+01
9.379999999999999716e+01 8.852807131983530553e+01
9.400000000000000000e+01 8.959524615993127838e+01
9.420000000000000284e+01 8.866213357227061920e+01
9.440000000000000568e+01 9.072873540040585283e+01
9.459999999999999432e+01 8.979505347214556821e+01
9.479999999999999716e+01 9.186108959972219168e+01
9.500000000000000000e+01 8.892684557995767136e+01
9.520000000000000284e+01 8.899232319442690198e+01
9.540000000000000568e+01 9.005752420961933069e+01
9.559999999999999432e+01 9.012245037709821815e+01
9.579999999999999716e+01 9.018710343365810900e+01
9.600000000000000000e+01 9.025148510148022751e+01
9.620000000000000284e+01 9.031559708828585542e+01
9.640000000000000568e+01 9.037944108748791905e+01
9.659999999999999432e+01 9.044301877834055858e+01
9.679999999999999716e+01 8.950633182608684990e+01
9.700000000000000000e+01 9.056938188210473584e+01
9.720000000000000284e+01 8.963217058405106741e+01
9.740000000000000568e+01 8.869469955600385447e+01
9.759999999999999432e+01 8.975697040860285369e+01
9.779999999999999716e+01 8.881898473918823811e+01
9.800000000000000000e+01 8.988074413193771761e+01
9.820000000000000284e+01 8.694225015800185474e+01
9.840000000000000568e+01 8.900350437563781725e+01
9.859999999999999432e+01 8.906450833034134007e+01
9.879999999999999716e+01 8.712526355497723785e+01
9.900000000000000000e+01 8.918577156990814103e+01
9.920000000000000284e+01 8.724603388312185359e+01
9.940000000000000568e+01 8.730605199035699115e+01
9.959999999999999432e+01 8.636582737522718389e+01
9.979999999999999716e+01 8.742536150934374461e+01
1.000000000000000000e+02 8.548465585243680209e+01
1.002000000000000028e+02 8.654371185247509857e+01
1.004000000000000057e+02 8.560253094578422406e+01
1.005999999999999943e+02 8.766111455716338696e+01
1.007999999999999972e+02 8.571946410000101935e+01
1.010000000000000000e+02 8.377758097638864854e+01
1.012000000000000028e+02 8.683546657723374551e+01
1.014000000000000057e+02 8.389312228237092484e+01
1.015999999999999943e+02 8.595054946067210722e+01
1.017999999999999972e+02 8.300774947015510463e+01
1.020000000000000000e+02 8.506472365809108283e+01
1.022000000000000028e+02 8.412147336111071638e+01
1.024000000000000057e+02 8.417799990530905063e+01
1.025999999999999943e+02 8.523430460634914141e+01
1.027999999999999972e+02 8.329038876956454374e+01
1.030000000000000000e+02 8.534625369006040785e+01
1.032000000000000028e+02 8.340190065281366572e+01
1.034000000000000057e+02 8.545733093277175385e+01
1.035999999999999943e+02 8.351254579495038399e+01
1.037999999999999972e+02 8.456754649453014849e+01
1.040000000000000000e+02 8.362233427695184673e+01
1.042000000000000028e+02 8.367691037801088783e+01
1.044000000000000057e+02 8.473127602395055646e+01
1.045999999999999943e+02 8.378543243155409925e+01
1.047999999999999972e+02 8.283938080823583050e+01
1.050000000000000000e+02 8.489312235213120061e+01
1.052000000000000028e+02 8.394665825218577027e+01
1.054000000000000057e+02 8.399998968824321821e+01
1.055999999999999943e+02 8.205311783113226909e+01
1.057999999999999972e+02 8.410604384275274015e+01
1.060000000000000000e+02 8.615876887616043689e+01
1.062000000000000028e+02 8.321129407565126712e+01
1.064000000000000057e+02 8.226362057684423235e+01
1.065999999999999943e+02 8.431574950676362334e+01
1.067999999999999972e+02 8.536768198392016416e+01
1.070000000000000000e+02 8.341941911839130341e+01
1.072000000000000028e+02 8.347096201190055353e+01
1.074000000000000057e+02 8.452231175789600570e+01
1.075999999999999943e+02 8.457346944162790692e+01
1.077999999999999972e+02 8.362443614022532756e+01
1.080000000000000000e+02 8.467521292277209000e+01
1.082000000000000028e+02 8.372580085038174502e+01
1.084000000000000057e+02 8.377620097627170992e+01
1.085999999999999943e+02 8.482641434583666751e+01
1.087999999999999972e+02 8.287644199672108414e+01
1.090000000000000000e+02 8.392628495889087503e+01
1.092000000000000028e+02 8.397594425470435908e+01
1.094000000000000057e+02 8.402542089898248889e+01
1.095999999999999943e+02 8.407471589907802922e+01
1.097999999999999972e+02 8.412383025494435174e+01
1.100000000000000000e+02 8.317276495920316393e+01
1.102000000000000028e+02 8.422152099721164120e+01
1.104000000000000057e+02 8.327009934712877737e+01
1.105999999999999943e+02 8.431850097998108140e+01
1.107999999999999972e+02 8.336672685972740737e+01
1.110000000000000000e+02 8.441477794332324436e+01
1.112000000000000028e+02 8.446265518078421053e+01
1.114000000000000057e+02 8.351035951524883671e+01
1.115999999999999943e+02 8.355789188304078152e+01
1.117999999999999972e+02 8.360525321373023644e+01
1.120000000000000000e+02 8.365244443019476250e+01
1.122000000000000028e+02 8.469946644867943064e+01
1.124000000000000057e+02 8.274632017885633672e+01
1.125999999999999943e+02 8.379300652388343451e+01
1.127999999999999972e+02 8.483952638046281436e+01
1.130000000000000000e+02 8.388588063889828561e+01
1.132000000000000028e+02 8.293207018315231949e+01
1.134000000000000057e+02 8.297809589090250881e+01
1.135999999999999943e+02 8.402395863359731720e+01
1.137999999999999972e+02 8.406965927651127402e+01
1.140000000000000000e+02 8.311519867879954404e+01
1.142000000000000028e+02 8.316057769355199980e+01
1.144000000000000057e+02 8.520579716784666857e+01
1.145999999999999943e+02 8.225085794280258256e+01
1.147999999999999972e+02 8.329576085363211746e+01
1.150000000000000000e+02 8.434050672969284790e+01
1.152000000000000028e+02 8.238509639453866384e+01
1.154000000000000057e+02 8.442953066597056022e+01
1.155999999999999943e+02 8.347381035608677280e+01
1.157999999999999972e+02 8.251793627133243092e+01
1.160000000000000000e+02 8.456190921254864179e+01
1.162000000000000028e+02 8.360572997502119108e+01
1.164000000000000057e+02 8.364939934852856140e+01
1.165999999999999943e+02 8.269291811738960973e+01
1.167999999999999972e+02 8.373628706051064796e+01
1.170000000000000000e+02 8.277950695143206872e+01
1.172000000000000028e+02 8.382257855837453064e+01
1.174000000000000057e+02 8.386550264428458945e+01
1.175999999999999943e+02 8.190827996687994528e+01
1.177999999999999972e+02 8.395091127869410741e+01
1.180000000000000000e+02 8.299339732712076056e+01
1.182000000000000028e+02 8.403573885445753433e+01
1.184000000000000057e+02 8.107793659794941732e+01
1.185999999999999943e+02 8.411999128983165974e+01
1.187999999999999972e+02 8.216190365737229229e+01
1.190000000000000000e+02 8.320367442291419025e+01
1.192000000000000028e+02 8.424530430391672553e+01
1.194000000000000057e+02 8.228679401299694973e+01
1.195999999999999943e+02 8.432814425797045033e+01
1.197999999999999972e+02 8.236935574189166687e+01
1.200000000000000000e+02 8.441042916309393718e+01
1.202000000000000028e+02 8.045136521522906037e+01
1.204000000000000057e+02 8.449216458730649038e+01
1.205999999999999943e+02 8.253282796373204633e+01
1.207999999999999972e+02 8.357335602434643818e+01
1.210000000000000000e+02 8.261374944446320967e+01
1.212000000000000028e+02 8.365400889490635450e+01
1.214000000000000057e+02 8.369413504204763399e+01
1.215999999999999943e+02 8.173412854784346848e+01
1.217999999999999972e+02 8.477399006987141661e+01
1.220000000000000000e+02 8.281372026136635611e+01
1.222000000000000028e+02 8.285331977125632363e+01
1.224000000000000057e+02 8.389278924419792816e+01
1.225999999999999943e+02 8.293212932061143761e+01
1.227999999999999972e+02 8.297134063671563808e+01
1.230000000000000000e+02 8.401042382456209623e+01
1.232000000000000028e+02 8.104937951206935054e+01
1.234000000000000057e+02 8.508820832305661952e+01
1.235999999999999943e+02 8.212691087727722561e+01
1.237999999999999972e+02 8.216548779045160700e+01
1.240000000000000000e+02 8.320393967430022997e+01
1.242000000000000028e+02 8.424226713657587595e+01
1.244000000000000057e+02 8.128047078109588597e+01
1.245999999999999943e+02 8.331855120777393608e+01
1.247999999999999972e+02 8.235650901265150026e+01
1.250000000000000000e+02 8.239434478792915684e+01
1.252000000000000028e+02 8.143205912199738350e+01
1.254000000000000057e+02 8.346965259946726690e+01
1.255999999999999943e+02 8.550712580120071493e+01
1.257999999999999972e+02 8.154447930434056957e+01
1.260000000000000000e+02 8.258171368234023646e+01
1.262000000000000028e+02 8.161882950499321510e+01
1.264000000000000057e+02 8.265582733846223107e+01
1.265999999999999943e+02 8.169270774530812673e+01
1.267999999999999972e+02 8.272947128451848187e+01
1.270000000000000000e+02 8.176611851153590749e+01
1.272000000000000028e+02 8.180264997828616913e+01
1.274000000000000057e+02 8.283906623320596907e+01
1.275999999999999943e+02 8.187536782127048696e+01
1.277999999999999972e+02 8.191155528402065045e+01
1.280000000000000000e+02 8.194762915959015004e+01
1.281999999999999886e+02 8.098358998273226916e+01
1.284000000000000057e+02 8.301943828484627375e+01
1.285999999999999943e+02 8.105517459400380176e+01
1.288000000000000114e+02 8.009079943497482645e+01
1.290000000000000000e+02 8.112631332925340644e+01
1.291999999999999886e+02 8.216171679508327941e+01
1.294000000000000057e+02 8.119701034748312907e+01
1.295999999999999943e+02 8.323219449827161043e+01
1.298000000000000114e+02 7.926726975609224723e+01
1.300000000000000000e+02 8.130223662643794569e+01
1.301999999999999886e+02 8.133709561167542290e+01
1.304000000000000057e+02 8.137184721106935115e+01
1.305999999999999943e+02 8.040649192080618946e+01
1.308000000000000114e+02 8.144103023401801522e+01
1.310000000000000000e+02 8.147546264080587264e+01
1.311999999999999886e+02 7.950978962826310692e+01
1.314000000000000057e+02 8.154401168049841431e+01
1.315999999999999943e+02 7.757812927865863628e+01
1.318000000000000114e+02 8.261214290095141166e+01
1.320000000000000000e+02 7.964605302266758713e+01
1.321999999999999886e+02 8.167986011620345721e+01
1.324000000000000057e+02 7.971356465108273426e+01
1.325999999999999943e+02 7.974716709397839054e+01
1.328000000000000114e+02 8.178066790873427294e+01
1.330000000000000000e+02 7.881406755638649031e+01
1.331999999999999886e+02 8.184736649518464446e+01
1.334000000000000057e+02 7.988056518061289069e+01
1.335999999999999943e+02 7.891366406541072820e+01
1.338000000000000114e+02 8.094666359959370538e+01
1.340000000000000000e+02 7.997956423047382657e+01
1.341999999999999886e+02 8.001236640267987354e+01
1.344000000000000057e+02 7.904507055817749972e+01
1.345999999999999943e+02 8.107767713628913953e+01
1.348000000000000114e+02 7.911018657371373308e+01
1.350000000000000000e+02 7.914259930454630876e+01
1.351999999999999886e+02 8.017491576029738098e+01
1.354000000000000057e+02 8.120713636991214912e+01
1.355999999999999943e+02 7.823926155978951158e+01
1.358000000000000114e+02 7.927129175380099468e+01
1.360000000000000000e+02 7.930322737330945415e+01
1.361999999999999886e+02 8.033506883718754921e+01
1.364000000000000057e+02 8.036681656183620248e+01
1.365999999999999943e+02 7.839847096120274728e+01
1.368000000000000114e+02 8.043003244679904640e+01
1.370000000000000000e+02 8.046150142771932678e+01
1.371999999999999886e+02 7.949287831065792886e+01
1.374000000000000057e+02 7.852416349992691380e+01
1.375999999999999943e+02 7.955535739747347179e+01
1.378000000000000114e+02 7.858646040289718826e+01
1.380000000000000000e+02 7.961747291346713951e+01
1.381999999999999886e+02 8.064839532413895995e+01
1.384000000000000057e+02 8.067922802757158252e+01
1.385999999999999943e+02 7.870997141414387954e+01
1.388000000000000114e+02 7.874062587197133212e+01
1.390000000000000000e+02 7.977119178692227308e+01
1.391999999999999886e+02 7.880166954263425794e+01
1.394000000000000057e+02 7.883205952053006627e+01
1.395999999999999943e+02 7.986236209983371737e+01
1.398000000000000114e+02 7.889257765758631535e+01
1.400000000000000000e+02 7.992270656866169531e+01
1.401999999999999886e+02 7.895274920578199840e+01
1.404000000000000057e+02 7.998270593953313323e+01
1.405999999999999943e+02 7.901257713837999574e+01
1.408000000000000114e+02 7.904236316868168899e+01
1.410000000000000000e+02 8.007206439470647297e+01
1.411999999999999886e+02 7.810168117864679971e+01
1.414000000000000057e+02 7.913121388063395045e+01
1.415999999999999943e+02 7.816066285875274389e+01
1.418000000000000114e+02 8.019002846905605963e+01
1.420000000000000000e+02 7.921931106557923385e+01
1.421999999999999886e+02 7.924851100035431273e+01
1.424000000000000057e+02 8.027762862342423489e+01
1.425999999999999943e+02 7.930666428285687175e+01
1.428000000000000114e+02 7.933561832475891151e+01
1.430000000000000000e+02 7.836449109328968632e+01
1.431999999999999886e+02 7.839328293067484310e+01
1.434000000000000057e+02 7.942199417721991495e+01
1.435999999999999943e+02 7.945062517132379298e+01
1.438000000000000114e+02 7.847917624949199933e+01
1.440000000000000000e+02 7.850764774635001686e+01
1.441999999999999886e+02 7.853603999465630636e+01
1.444000000000000057e+02 7.956435332531542315e+01
1.445999999999999943e+02 7.959258806739079262e+01
1.448000000000000114e+02 7.762074454811761370e+01
1.450000000000000000e+02 7.764882309291544971e+01
1.451999999999999886e+02 7.967682402540090436e+01
1.454000000000000057e+02 7.870474766740002792e+01
1.455999999999999943e+02 7.873259433896068060e+01
1.458000000000000114e+02 7.876036435836486760e+01
1.460000000000000000e+02 7.978805804214086095e+01
1.461999999999999886e+02 7.781567570507525033e+01
1.464000000000000057e+02 7.884321766022499389e+01
1.465999999999999943e+02 7.987068421892914216e+01
1.468000000000000114e+02 7.589807569082077521e+01
1.470000000000000000e+02 7.992539238383857025e+01
1.471999999999999886e+02 7.995263460423839774e+01
1.474000000000000057e+02 7.597980265660484633e+01
1.475999999999999943e+02 8.000689684386256317e+01
1.478000000000000114e+02 7.903391746728756573e+01
1.480000000000000000e+02 7.706086482651849678e+01
1.481999999999999886e+02 8.008773921956763786e+01
1.484000000000000057e+02 7.811454094283205052e+01
1.485999999999999943e+02 7.914127029110440503e+01
1.488000000000000114e+02 7.916792755758389433e+01
1.490000000000000000e+02 7.819451303388694896e+01
1.491999999999999886e+02 7.722102701005795211e+01
1.494000000000000057e+02 7.924746977457979824e+01
1.495999999999999943e+02 7.827384161438433807e+01
1.498000000000000114e+02 7.830014281486292305e+01
1.500000000000000000e+02 7.932637365987659450e+01
1.501999999999999886e+02 7.935253443176644339e+01
1.504000000000000057e+02 7.737862541136369998e+01
1.505999999999999943e+02 7.940464687799985199e+01
1.508000000000000114e+02 7.743059910951662062e+01
1.510000000000000000e+02 8.045648238227592230e+01
1.511999999999999886e+02 7.748229697116968850e+01
1.514000000000000057e+02 7.850804314962964270e+01
1.515999999999999943e+02 7.853372118963694959e+01
1.518000000000000114e+02 7.755933136173189268e+01
1.520000000000000000e+02 7.858487393502332452e+01
1.521999999999999886e+02 7.861034917719820214e+01
1.524000000000000057e+02 7.863575735453093785e+01
1.525999999999999943e+02 7.766109873189269308e+01
1.528000000000000114e+02 7.868637357276065813e+01
1.530000000000000000e+02 7.771158213922711866e+01
1.531999999999999886e+02 7.873672469200872115e+01
1.534000000000000057e+02 7.776180149045529788e+01
1.535999999999999943e+02 7.978681279255890502e+01
1.538000000000000114e+02 7.681175885496276123e+01
1.540000000000000000e+02 7.883663993296993056e+01
1.541999999999999886e+02 7.786145628055213308e+01
1.544000000000000057e+02 7.788620815035844203e+01
1.545999999999999943e+02 7.991089579372379603e+01
1.548000000000000114e+02 7.593551946067765357e+01
1.550000000000000000e+02 8.096007939995232050e+01
1.551999999999999886e+02 7.698457585899150502e+01
1.554000000000000057e+02 7.600900908395854572e+01
1.555999999999999943e+02 8.103337931974473918e+01
1.558000000000000114e+02 7.705768680997752540e+01
1.560000000000000000e+02 7.708193179702864484e+01
1.561999999999999886e+02 7.910611452202221017e+01
1.564000000000000057e+02 7.813023522484274963e+01
1.565999999999999943e+02 7.715429414414313669e+01
1.568000000000000114e+02 8.017829151735254811e+01
1.570000000000000000e+02 7.720222758068419466e+01
1.571999999999999886e+02 7.722610256914320814e+01
1.574000000000000057e+02 7.924991671653430103e+01
1.575999999999999943e+02 7.727367025546939772e+01
1.578000000000000114e+02 7.729736341737535099e+01
1.580000000000000000e+02 7.832099643250131749e+01
1.581999999999999886e+02 7.734456952992636047e+01
1.584000000000000057e+02 7.936808293756689636e+01
1.585999999999999943e+02 7.639153688218392801e+01
1.588000000000000114e+02 7.741493158939050545e+01
1.590000000000000000e+02 7.943826728365888812e+01
1.591999999999999886e+02 7.846154418832782085e+01
1.594000000000000057e+02 7.748476252560962507e+01
1.595999999999999943e+02 7.650792251659731846e+01
1.598000000000000114e+02 7.753102438127163509e+01
1.600000000000000000e+02 7.855406833850810244e+01
1.601999999999999886e+02 7.957705460608381998e+01
1.604000000000000057e+02 7.759998340068449352e+01
1.605999999999999943e+02 7.662285493791118540e+01
1.608000000000000114e+02 7.764566943228712148e+01
1.610000000000000000e+02 7.666842709726441285e+01
1.611999999999999886e+02 7.869112814523073496e+01
1.614000000000000057e+02 7.671377278751597828e+01
1.615999999999999943e+02 7.873636123439877110e+01
1.618000000000000114e+02 7.675889369511310178e+01
1.620000000000000000e+02 7.778137037785471364e+01
1.621999999999999886e+02 7.680379148978758508e+01
1.624000000000000057e+02 7.782615723705032451e+01
1.625999999999999943e+02 7.784846782476245153e+01
1.628000000000000114e+02 7.787072345703077758e+01
1.630000000000000000e+02 7.789292433695557349e+01
1.631999999999999886e+02 7.791507066663680803e+01
1.634000000000000057e+02 7.793716264718028697e+01
1.635999999999999943e+02 7.695920047870374958e+01
1.638000000000000114e+02 7.698118436034299350e+01
1.640000000000000000e+02 7.800311449025780064e+01
1.641999999999999886e+02 7.702499106563800524e+01
1.644000000000000057e+02 7.704681428270933452e+01
1.645999999999999943e+02 7.806858433673936304e+01
1.648000000000000114e+02 7.709030142204333913e+01
1.650000000000000000e+02 7.711196573198995452e+01
1.651999999999999886e+02 7.813357745900714235e+01
1.654000000000000057e+02 7.715513679458780416e+01
1.655999999999999943e+02 7.717664392929543737e+01
1.658000000000000114e+02 7.719809905276977702e+01
1.660000000000000000e+02 7.721950235373243743e+01
1.661999999999999886e+02 7.624085401999241185e+01
1.664000000000000057e+02 7.626215423845162888e+01
1.665999999999999943e+02 7.828340319511036682e+01
1.668000000000000114e+02 7.730460107507273904e+01
1.670000000000000000e+02 7.732574806255206568e+01
1.671999999999999886e+02 7.734684434087624538e+01
1.674000000000000057e+02 7.736789009249302751e+01
1.675999999999999943e+02 7.738888549897535540e+01
1.678000000000000114e+02 7.640983074102652495e+01
1.680000000000000000e+02 7.643072599848545678e+01
1.681999999999999886e+02 7.845157145033184065e+01
1.684000000000000057e+02 7.647236727469126549e+01
1.685999999999999943e+02 7.749311364884025011e+01
1.688000000000000114e+02 7.551381074921144432e+01
1.690000000000000000e+02 7.753445875139843224e+01
1.691999999999999886e+02 7.655505783016096188e+01
1.694000000000000057e+02 7.657560815942967736e+01
1.695999999999999943e+02 7.659610991231114951e+01
1.698000000000000114e+02 7.761656326109275028e+01
1.700000000000000000e+02 7.763696837724741329e+01
1.701999999999999886e+02 7.665732543143855082e+01
1.704000000000000057e+02 7.567763459352477184e+01
1.705999999999999943e+02 7.669789603256457156e+01
1.708000000000000114e+02 7.771810991682116310e+01
1.710000000000000000e+02 7.573827641376703923e+01
1.711999999999999886e+02 7.575839569008866192e+01
1.714000000000000057e+02 7.777846791169108087e+01
1.715999999999999943e+02 7.779849324370248098e+01
1.718000000000000114e+02 7.581847185047874405e+01
1.720000000000000000e+02 7.583840389560793938e+01
1.721999999999999886e+02 7.685828954191481444e+01
1.724000000000000057e+02 7.687812895146528547e+01
1.725999999999999943e+02 7.689792228557078602e+01
1.728000000000000114e+02 7.491766970479270071e+01
1.730000000000000000e+02 7.793737136894669959e+01
1.731999999999999886e+02 7.595702743710707239e+01
1.734000000000000057e+02 7.597663806761103444e+01
1.735999999999999943e+02 7.799620341806296153e+01
1.738000000000000114e+02 7.501572364533865311e+01
1.740000000000000000e+02 7.603519890558956718e+01
1.741999999999999886e+02 7.705462935424691295e+01
1.744000000000000057e+02 7.607401514602588577e+01
1.745999999999999943e+02 7.609335643492974555e+01
1.748000000000000114e+02 7.711265337425389532e+01
1.750000000000000000e+02 7.613190611659000240e+01
1.751999999999999886e+02 7.615111481382999159e+01
1.754000000000000057e+02 7.517027961717003848e+01
1.755999999999999943e+02 7.618940067711457687e+01
1.758000000000000114e+02 7.720847814348027782e+01
1.760000000000000000e+02 7.522751216539988661e+01
1.761999999999999886e+02 7.724650289132624437e+01
1.764000000000000057e+02 7.526545046903605396e+01
1.765999999999999943e+02 7.628435504563378800e+01
1.768000000000000114e+02 7.530321676755546889e+01
1.770000000000000000e+02 7.732203578057252003e+01
1.771999999999999886e+02 7.534081222979547476e+01
1.774000000000000057e+02 7.635954625967772813e+01
1.775999999999999943e+02 7.537823801401930268e+01
1.778000000000000114e+02 7.639688763597047227e+01
1.780000000000000000e+02 7.641549526803548531e+01
1.781999999999999886e+02 7.543406105207617429e+01
1.784000000000000057e+02 7.545258512931556538e+01
1.785999999999999943e+02 7.647106764034154480e+01
1.788000000000000114e+02 7.648950872511029786e+01
1.790000000000000000e+02 7.550790852294997535e+01
1.791999999999999886e+02 7.652626717256416100e+01
1.794000000000000057e+02 7.454458481203536735e+01
1.795999999999999943e+02 7.756286157882848897e+01
1.798000000000000114e+02 7.458109760979435521e+01
1.800000000000000000e+02 7.559929304117299864e+01
1.801999999999999886e+02 7.761744800859720783e+01
1.804000000000000057e+02 7.463556264709579580e+01
1.805999999999999943e+02 7.565363709109703905e+01
1.808000000000000114e+02 7.567167147443198871e+01
1.810000000000000000e+02 7.768966593033775325e+01
1.811999999999999886e+02 7.470762059146082379e+01
1.814000000000000057e+02 7.672553558986034261e+01
1.815999999999999943e+02 7.474341105701137167e+01
