# energy (eV)  EELS (a.u)
2.000001999999999835e+00 1.291648350663490419e+02
2.200000999999999873e+00 -9.463126729581745167e+01
2.400002000000000191e+00 -1.025749415398349811e+02
2.600000000000000089e+00 -1.222954635787664301e+01
2.800000999999999962e+00 1.104940714347239918e+02
3.000001999999999835e+00 2.666616505763040550e+02
3.200000999999999873e+00 4.146622966535414889e+02
3.400002000000000191e+00 5.685112180851001540e+02
3.600000000000000089e+00 7.050930777972835131e+02
3.800000999999999962e+00 8.259468860703391329e+02
4.000002000000000280e+00 9.433699061950082978e+02
4.200001000000000317e+00 1.062258915869979319e+03
4.400001999999999747e+00 1.170219910562146197e+03
4.599999999999999645e+00 1.256252334234722184e+03
4.800000999999999962e+00 1.329226413380552913e+03
5.000002000000000280e+00 1.397173611332356359e+03
5.200001000000000317e+00 1.450509195654995892e+03
5.400001999999999747e+00 1.500184811212243403e+03
5.599999999999999645e+00 1.528787883672742737e+03
5.800000999999999962e+00 1.547632255988937231e+03
6.000002000000000280e+00 1.566806739478979580e+03
6.200001000000000317e+00 1.568225373161641983e+03
6.400001999999999747e+00 1.574663142641344621e+03
6.599999999999999645e+00 1.558776642422429632e+03
6.800000999999999962e+00 1.558132137128402064e+03
7.000002000000000280e+00 1.540214894569127864e+03
7.200001000000000317e+00 1.557445920742876297e+03
7.400001999999999747e+00 1.553193603428034749e+03
7.600001999999999924e+00 1.558778622609805780e+03
7.800003000000000242e+00 1.567484166799942614e+03
8.000000000000000000e+00 1.577558730510782198e+03
8.200001000000000317e+00 1.588225326581299669e+03
8.400002000000000635e+00 1.610679888391886834e+03
8.600001999999999924e+00 1.612097958956032926e+03
8.800003000000000242e+00 1.615637297423622158e+03
9.000000000000000000e+00 1.625438445244768673e+03
9.200001000000000317e+00 1.644630146986523869e+03
9.400002000000000635e+00 1.659326807652971411e+03
9.600001999999999924e+00 1.655632543571582801e+03
9.800003000000000242e+00 1.674642323297512348e+03
1.000000000000000000e+01 1.673441648366277605e+03
1.019999999999999929e+01 1.692110078995928461e+03
1.040000000000000036e+01 1.694719074571323063e+03
1.059999999999999964e+01 1.706334474272608304e+03
1.080000000000000071e+01 1.716016710034128437e+03
1.100000000000000000e+01 1.725821354174440557e+03
1.119999999999999929e+01 1.732799601505911141e+03
1.140000000000000036e+01 1.750998694918177307e+03
1.159999999999999964e+01 1.747462302042727060e+03
1.180000000000000071e+01 1.756230849455306497e+03
1.200000000000000000e+01 1.755341819914754069e+03
1.219999999999999929e+01 1.789830017336096262e+03
1.240000000000000036e+01 1.729727803524004230e+03
1.259999999999999964e+01 1.804065310127344674e+03
1.280000000000000071e+01 1.809870628798113557e+03
1.300000000000000000e+01 1.833169982133563281e+03
1.319999999999999929e+01 1.862987877636634948e+03
1.340000000000000036e+01 1.868347246636886666e+03
1.359999999999999964e+01 1.905269569863747620e+03
1.380000000000000071e+01 1.912774991149373591e+03
1.400000000000000000e+01 1.941882420553991096e+03
1.419999999999999929e+01 1.959609628047791830e+03
1.440000000000000036e+01 1.998973328746252946e+03
1.459999999999999964e+01 2.004989260577003279e+03
1.480000000000000071e+01 2.017672255153309152e+03
1.500000000000000000e+01 2.044036302539637063e+03
1.519999999999999929e+01 2.064094610516652210e+03
1.540000000000000036e+01 2.073859658884788587e+03
1.559999999999999964e+01 2.085343249285829188e+03
1.580000000000000071e+01 2.081556550969595719e+03
1.600000000000000000e+01 2.104510142886825633e+03
1.619999999999999929e+01 2.094214052448860912e+03
1.639999999999999858e+01 2.102677791259035985e+03
1.660000000000000142e+01 2.095910388089146181e+03
1.680000000000000071e+01 2.083920419346440667e+03
1.700000000000000000e+01 2.031716037251865146e+03
1.719999999999999929e+01 2.074304995928301651e+03
1.739999999999999858e+01 2.070694675578038641e+03
1.760000000000000142e+01 2.055892104911288698e+03
1.780000000000000071e+01 2.038903981972086967e+03
1.800000000000000000e+01 2.023736693494014389e+03
1.819999999999999929e+01 2.020396332905816962e+03
1.839999999999999858e+01 2.009888717095880565e+03
1.860000000000000142e+01 1.991219402034560744e+03
1.880000000000000071e+01 1.987393697344421525e+03
1.900000000000000000e+01 1.976416679900401505e+03
1.919999999999999929e+01 1.986293206534669707e+03
1.939999999999999858e+01 1.979027925914411753e+03
1.960000000000000142e+01 1.989625289654891958e+03
1.980000000000000071e+01 1.992089562724806001e+03
2.000000000000000000e+01 2.011424833196128702e+03
2.019999999999999929e+01 2.046635021386283142e+03
2.039999999999999858e+01 2.045723888436514926e+03
2.060000000000000142e+01 2.081695044366749698e+03
2.080000000000000071e+01 2.094551955643957172e+03
2.100000000000000000e+01 2.137297952298073142e+03
2.119999999999999929e+01 2.173936234616820457e+03
2.139999999999999858e+01 2.219469879448321990e+03
2.160000000000000142e+01 2.261901846138133806e+03
2.180000000000000071e+01 2.298234982125282386e+03
2.200000000000000000e+01 2.350472028220021457e+03
2.219999999999999929e+01 2.410615623584287732e+03
2.239999999999999858e+01 2.468668310434285104e+03
2.260000000000000142e+01 2.509632538483172993e+03
2.280000000000000071e+01 2.558510669140519894e+03
2.300000000000000000e+01 2.598304979483969873e+03
2.319999999999999929e+01 2.656017666017452029e+03
2.339999999999999858e+01 2.684650848229248822e+03
2.360000000000000142e+01 2.698206571962280577e+03
2.380000000000000071e+01 2.739686812608115360e+03
2.400000000000000000e+01 2.699093478135398072e+03
2.419999999999999929e+01 2.771428411962659538e+03
2.439999999999999858e+01 2.783693395684789266e+03
2.460000000000000142e+01 2.785890151661823893e+03
2.480000000000000071e+01 2.784020345478121726e+03
2.500000000000000000e+01 2.776085588279455351e+03
2.519999999999999929e+01 2.762087438995061348e+03
2.539999999999999858e+01 2.761027406451218667e+03
2.560000000000000142e+01 2.731906951382507032e+03
2.580000000000000071e+01 2.701727488346495193e+03
2.600000000000000000e+01 2.693490387547245973e+03
2.619999999999999929e+01 2.666196976572675794e+03
2.639999999999999858e+01 2.647848542050504875e+03
2.660000000000000142e+01 2.625446331227218252e+03
2.680000000000000071e+01 2.599991553474201737e+03
2.700000000000000000e+01 2.565485381724955914e+03
2.719999999999999929e+01 2.546928953847044795e+03
2.739999999999999858e+01 2.536323373952232032e+03
2.760000000000000142e+01 2.510669713648030211e+03
2.780000000000000071e+01 2.491969013233718670e+03
2.800000000000000000e+01 2.464222282843680659e+03
2.819999999999999929e+01 2.462430503540769223e+03
2.839999999999999858e+01 2.444594628362225649e+03
2.860000000000000142e+01 2.435715583320557926e+03
2.880000000000000071e+01 2.433794268361624290e+03
2.900000000000000000e+01 2.431831558282048263e+03
2.919999999999999929e+01 2.440828303607979251e+03
2.939999999999999858e+01 2.457785331437083187e+03
2.960000000000000142e+01 2.464703446245558553e+03
2.980000000000000071e+01 2.468583430661863076e+03
3.000000000000000000e+01 2.488426046208748176e+03
3.019999999999999929e+01 2.513232034015110003e+03
3.039999999999999858e+01 2.545002115499088177e+03
3.060000000000000142e+01 2.555736993023756440e+03
3.080000000000000071e+01 2.586437350526689897e+03
3.100000000000000000e+01 2.591103854124615737e+03
3.119999999999999929e+01 2.624737152694294309e+03
3.139999999999999858e+01 2.630337878430719684e+03
3.160000000000000142e+01 2.660906647383666495e+03
3.180000000000000071e+01 2.656444059973563526e+03
3.200000000000000000e+01 2.675950701487617152e+03
3.220000000000000284e+01 2.673427142557064599e+03
3.239999999999999858e+01 2.676873939616396910e+03
3.260000000000000142e+01 2.673291635345336545e+03
3.279999999999999716e+01 2.657680759094328096e+03
3.300000000000000000e+01 2.651041827294253380e+03
3.320000000000000284e+01 2.632375343851061189e+03
3.339999999999999858e+01 2.624681800525940616e+03
3.360000000000000142e+01 2.606961677301675081e+03
3.379999999999999716e+01 2.575215442735741817e+03
3.400000000000000000e+01 2.570443554300728920e+03
3.420000000000000284e+01 2.542646458712595177e+03
3.439999999999999858e+01 2.523824592247274268e+03
3.460000000000000142e+01 2.507978381046111281e+03
3.479999999999999716e+01 2.470108241410586743e+03
3.500000000000000000e+01 2.454214580086765181e+03
3.520000000000000284e+01 2.439297794539885672e+03
3.539999999999999858e+01 2.411358273219493185e+03
3.560000000000000142e+01 2.397396395815487267e+03
3.579999999999999716e+01 2.371412533505453666e+03
3.600000000000000000e+01 2.361407049193623152e+03
3.620000000000000284e+01 2.336380297741783579e+03
3.639999999999999858e+01 2.327332626192466705e+03
3.660000000000000142e+01 2.307264373984709891e+03
3.679999999999999716e+01 2.282175873162672360e+03
3.700000000000000000e+01 2.272067448577392952e+03
3.720000000000000284e+01 2.262939418081944950e+03
3.739999999999999858e+01 2.245792092720238543e+03
3.760000000000000142e+01 2.233625776909718297e+03
3.779999999999999716e+01 2.204440768618177572e+03
3.800000000000000000e+01 2.213237359534917687e+03
3.820000000000000284e+01 2.189015835236455587e+03
3.839999999999999858e+01 2.190776475346988263e+03
3.860000000000000142e+01 2.163519553693803118e+03
3.879999999999999716e+01 2.152245338457822072e+03
3.900000000000000000e+01 2.142954092319455413e+03
3.920000000000000284e+01 2.136646072599934087e+03
3.940001000000000175e+01 2.124321614762310219e+03
3.960000000000000142e+01 2.102980715724131642e+03
3.979999999999999716e+01 2.097623867626371066e+03
4.000000000000000000e+01 2.076251224318047207e+03
4.020000000000000284e+01 2.073863018297375675e+03
4.040001000000000175e+01 2.062459556908479044e+03
4.060000000000000142e+01 2.056040825238739671e+03
4.079999999999999716e+01 2.036607280662432458e+03
4.100000000000000000e+01 2.026159058514869002e+03
4.120000000000000284e+01 2.018696369413046568e+03
4.140001000000000175e+01 2.008219495712779008e+03
4.160000000000000142e+01 2.003728412609847965e+03
4.179999999999999716e+01 1.979223546229166459e+03
4.200000000000000000e+01 1.985705015723387078e+03
4.220000000000000284e+01 1.968173012359710583e+03
4.240001000000000175e+01 1.963627796214292857e+03
4.260000000000000142e+01 1.960069334224503791e+03
4.279999999999999716e+01 1.954498024336434582e+03
4.300000000000000000e+01 1.950913971519885081e+03
4.320000000000000284e+01 1.944317349878757796e+03
4.340001000000000175e+01 1.933708399562088744e+03
4.360000000000000142e+01 1.927087080628278272e+03
4.379999999999999716e+01 1.927453765535312868e+03
4.400000000000000000e+01 1.921808546791657136e+03
4.420000000000000284e+01 1.911151583233262727e+03
4.440001000000000175e+01 1.909483097132736020e+03
4.460000000000000142e+01 1.906803042837327666e+03
4.479999999999999716e+01 1.882111769683349394e+03
4.500000000000000000e+01 1.888409359204708153e+03
4.520000000000000284e+01 1.873695956617975526e+03
4.540001000000000175e+01 1.878971768113119197e+03
4.560000000000000142e+01 1.859236743316946104e+03
4.579999999999999716e+01 1.801491210532513151e+03
4.600000000000000000e+01 1.837735241607182843e+03
4.620000000000000284e+01 1.834968969576738345e+03
4.640001000000000175e+01 1.826192586122785315e+03
4.660000000000000142e+01 1.815406036993683074e+03
4.679999999999999716e+01 1.795609631308376720e+03
4.700000000000000000e+01 1.779803432346781847e+03
4.720000000000000284e+01 1.783987562223147961e+03
4.740001000000000175e+01 1.769162199496725407e+03
4.760000000000000142e+01 1.744327286754170018e+03
4.779999999999999716e+01 1.738483115572750876e+03
4.800000000000000000e+01 1.723629741639982512e+03
4.820000000000000284e+01 1.718767277254126611e+03
4.840001000000000175e+01 1.707895889076028197e+03
4.860000000000000142e+01 1.693015517141589044e+03
4.879999999999999716e+01 1.675126436949622075e+03
4.900000000000000000e+01 1.665228697447034847e+03
4.920000000000000284e+01 1.661322402089453590e+03
4.940001000000000175e+01 1.653407706723298588e+03
4.960000000000000142e+01 1.632484549355058789e+03
4.979999999999999716e+01 1.623553190712401829e+03
5.000000000000000000e+01 1.607613673747632447e+03
5.020000000000000284e+01 1.601666093933034063e+03
5.040001000000000175e+01 1.612710597263288491e+03
5.060000000000000142e+01 1.580747120160728855e+03
5.079999999999999716e+01 1.568775909753105225e+03
5.100000000000000000e+01 1.565797003653045067e+03
5.120000000000000284e+01 1.565810490110065302e+03
5.140001000000000175e+01 1.548816506124353737e+03
5.160000000000000142e+01 1.543814986914584324e+03
5.179999999999999716e+01 1.535806167060668258e+03
5.200000000000000000e+01 1.528790079411844772e+03
5.220000000000000284e+01 1.520766805669742098e+03
5.240001000000000175e+01 1.516736474605362446e+03
5.260000000000000142e+01 1.507699020558974098e+03
5.279999999999999716e+01 1.492654666510090465e+03
5.300000000000000000e+01 1.452603441052767266e+03
5.320000000000000284e+01 1.486545419941015325e+03
5.340001000000000175e+01 1.472480724401562384e+03
5.360000000000000142e+01 1.469409288174305857e+03
5.379999999999999716e+01 1.451331323493638592e+03
5.400000000000000000e+01 1.454246855147535143e+03
5.420000000000000284e+01 1.439155953477531511e+03
5.440001000000000175e+01 1.432058732780490573e+03
5.460000000000000142e+01 1.427955126433530495e+03
5.479999999999999716e+01 1.414845336699806012e+03
5.500000000000000000e+01 1.404729384958872970e+03
5.520000000000000284e+01 1.405607336617927558e+03
5.540001000000000175e+01 1.401479299596389183e+03
5.560000000000000142e+01 1.395345207111491618e+03
5.579999999999999716e+01 1.387205252156947608e+03
5.600000000000000000e+01 1.374059453056683878e+03
5.620000000000000284e+01 1.381907870711665964e+03
5.640001000000000175e+01 1.372750607161645121e+03
5.660000000000000142e+01 1.368587595637047571e+03
5.679999999999999716e+01 1.362419020499941780e+03
5.700000000000000000e+01 1.358244897332170922e+03
5.720000000000000284e+01 1.361065282912576095e+03
5.740001000000000175e+01 1.369880273850720414e+03
5.760000000000000142e+01 1.351689803537639364e+03
5.779999999999999716e+01 1.358494048284589098e+03
5.800000000000000000e+01 1.355293021210484312e+03
5.820000000000000284e+01 1.351086775317345882e+03
5.840001000000000175e+01 1.361875402191248213e+03
5.860000000000000142e+01 1.351658835509136452e+03
5.879999999999999716e+01 1.348437244061465208e+03
5.900000000000000000e+01 1.352210638753168041e+03
5.920000000000000284e+01 1.354979069120459144e+03
5.940001000000000175e+01 1.351742622094638364e+03
5.960000000000000142e+01 1.355501231744778124e+03
5.979999999999999716e+01 1.345255059825095941e+03
6.000000000000000000e+01 1.350004115248903872e+03
6.020000000000000284e+01 1.344748444367254706e+03
6.040001000000000175e+01 1.351488129791582196e+03
6.060000000000000142e+01 1.356223106072822475e+03
6.079999999999999716e+01 1.336953528372788014e+03
6.100000000000000000e+01 1.341679403812084956e+03
6.120000000000000284e+01 1.340400775810293453e+03
6.140001000000000175e+01 1.346117722963742381e+03
6.160000000000000142e+01 1.332830180380718502e+03
6.179999999999999716e+01 1.323538297037879147e+03
6.200000000000000000e+01 1.327242078441323201e+03
6.220000000000000284e+01 1.325941565308874488e+03
6.240001000000000175e+01 1.319636832499575121e+03
6.260000000000000142e+01 1.309327815742220764e+03
6.279999999999999716e+01 1.304014658202639566e+03
6.300000000000000000e+01 1.303697363932283224e+03
6.320000000000000284e+01 1.298375971155571733e+03
6.340001000000000175e+01 1.288050551247953990e+03
6.360000000000000142e+01 1.289721040611217404e+03
6.379999999999999716e+01 1.271387576944995772e+03
6.400000000000000000e+01 1.272050162989691444e+03
6.420000000000000284e+01 1.266708834665600989e+03
6.440000999999999465e+01 1.260363660096624699e+03
6.460000999999999749e+01 1.259014608852704669e+03
6.479999999999999716e+01 1.245661716129313163e+03
6.500000000000000000e+01 1.238305080840731307e+03
6.520000000000000284e+01 1.236944704323425867e+03
6.540000999999999465e+01 1.229580651662333139e+03
6.560000999999999749e+01 1.223212892247635637e+03
6.579999999999999716e+01 1.207841459213597545e+03
6.600000000000000000e+01 1.201466447615246580e+03
6.620000000000000284e+01 1.193087857745295196e+03
6.640000999999999465e+01 1.191705751844775932e+03
6.660000999999999749e+01 1.182320099192901807e+03
6.679999999999999716e+01 1.180930931012721885e+03
6.700000000000000000e+01 1.163538338726361644e+03
6.720000000000000284e+01 1.159142321685485967e+03
6.740000999999999465e+01 1.162742939466472990e+03
6.760000999999999749e+01 1.145340161298000794e+03
6.779999999999999716e+01 1.137934016628917334e+03
6.800000000000000000e+01 1.122524593457544825e+03
6.820000000000000284e+01 1.118111890287211281e+03
6.840000999999999465e+01 1.117695964194602539e+03
6.860000999999999749e+01 1.104276784410911887e+03
6.879999999999999716e+01 1.091854378736117951e+03
6.900000000000000000e+01 1.077428831938176472e+03
6.920000000000000284e+01 1.081000141755852610e+03
6.940000999999999465e+01 1.071568362918165803e+03
6.960000999999999749e+01 1.066133464705346114e+03
6.979999999999999716e+01 1.038695473383302215e+03
7.000000000000000000e+01 1.041254470668816793e+03
7.020000000000000284e+01 1.049810453611863522e+03
7.040000999999999465e+01 1.035363474734095007e+03
7.060000999999999749e+01 1.015913503405518668e+03
7.079999999999999716e+01 1.004460564463262017e+03
7.100000000000000000e+01 1.006004736739155192e+03
7.120000000000000284e+01 9.975460166629776495e+02
7.140000999999999465e+01 9.980844546786642013e+02
7.160000999999999749e+01 9.806200202816182809e+02
7.179999999999999716e+01 9.761527369768757580e+02
7.200000000000000000e+01 9.636826808657010588e+02
7.220000000000000284e+01 9.672098478198347493e+02
7.240000999999999465e+01 9.667342863254564236e+02
7.260000999999999749e+01 9.442559660344442136e+02
7.279999999999999716e+01 9.397749092086419296e+02
7.300000000000000000e+01 9.352911893623243031e+02
7.320000000000000284e+01 9.368048018655583746e+02
7.340000999999999465e+01 9.373157933579080918e+02
7.360000999999999749e+01 9.078241336747761352e+02
7.379999999999999716e+01 9.133298439166502476e+02
7.400000000000000000e+01 9.118329951445002735e+02
7.420000000000000284e+01 9.123335822778733473e+02
7.440000999999999465e+01 9.008316502128093362e+02
7.460000999999999749e+01 9.033271689917089589e+02
7.479999999999999716e+01 8.978201586291249896e+02
7.500000000000000000e+01 8.803106878573441918e+02
7.520000000000000284e+01 8.927987511918515793e+02
7.540000999999999465e+01 8.882843918809032857e+02
7.560000999999999749e+01 8.767675801941949203e+02
7.579999999999999716e+01 8.772483351299308652e+02
7.600000000000000000e+01 8.657267232080228041e+02
7.620000000000000284e+01 8.652027385821149892e+02
7.640000999999999465e+01 8.656764229416953640e+02
7.660000999999999749e+01 8.641477468012287773e+02
7.679999999999999716e+01 8.496167282068461191e+02
7.700000000000000000e+01 8.460834315747526944e+02
7.720000000000000284e+01 8.455478507351475628e+02
7.740000999999999465e+01 8.440100259016072641e+02
7.760000999999999749e+01 8.374699278483316220e+02
7.779999999999999716e+01 8.249275737288090795e+02
7.800000000000000000e+01 8.213830259571806209e+02
7.820000000000000284e+01 8.388362780751367609e+02
7.840000999999999465e+01 8.182873688975515734e+02
7.860000999999999749e+01 8.227362694710943742e+02
7.879999999999999716e+01 8.011829961116209233e+02
7.900000000000000000e+01 8.066276093263783196e+02
7.920000000000000284e+01 7.960701024003546991e+02
7.940000999999999465e+01 7.965105128217439869e+02
7.960000999999999749e+01 7.939488119204359009e+02
7.979999999999999716e+01 7.823850152256229649e+02
8.000000000000000000e+01 7.748191814268594726e+02
8.020000000000000284e+01 7.762523035814020886e+02
8.040000999999999465e+01 7.856814179180184965e+02
8.060000999999999749e+01 7.711094960588059166e+02
8.079999999999999716e+01 7.585355527935656710e+02
8.100000000000000000e+01 7.569596450778492454e+02
8.120000000000000284e+01 7.623817657675816690e+02
8.140000999999999465e+01 7.508019498949690842e+02
8.160000999999999749e+01 7.512201693817352179e+02
8.179999999999999716e+01 7.406364383221741718e+02
8.200000000000000000e+01 7.350508120164313368e+02
8.220000000000000284e+01 7.374632831431659952e+02
8.240000999999999465e+01 7.358738855968431380e+02
8.260000999999999749e+01 7.252825916048366253e+02
8.279999999999999716e+01 7.316894146067122620e+02
8.300000000000000000e+01 7.230944083210906683e+02
8.320000000000000284e+01 7.244975652713116006e+02
8.340000999999999465e+01 7.258989182691879023e+02
8.360000999999999749e+01 7.182984398525279630e+02
8.379999999999999716e+01 7.136961428440956752e+02
8.400000000000000000e+01 7.200920794505012736e+02
8.420000000000000284e+01 7.214862420597839900e+02
8.440000999999999465e+01 7.228786624527467666e+02
8.460000999999999749e+01 7.152693134813155211e+02
8.479999999999999716e+01 7.056582073867583631e+02
8.500000000000000000e+01 6.960453949291377285e+02
8.520000000000000284e+01 7.214308683794579338e+02
8.540000999999999465e+01 7.028146585359679648e+02
8.560000999999999749e+01 6.881967385674166735e+02
8.579999999999999716e+01 6.995771201664706496e+02
8.600000000000000000e+01 6.859558527083464696e+02
8.620000000000000284e+01 6.903329283636821856e+02
8.640000999999999465e+01 6.807083769936793942e+02
8.660000999999999749e+01 6.900821720857472883e+02
8.679999999999999716e+01 6.734543248146250107e+02
8.700000000000000000e+01 6.718248832288898029e+02
8.720000000000000284e+01 6.671938394140265700e+02
8.740000999999999465e+01 6.775612223369636240e+02
8.760000999999999749e+01 6.629270058048384726e+02
8.779999999999999716e+01 6.592912005030904083e+02
8.800000000000000000e+01 6.536538532086110536e+02
8.820000000000000284e+01 6.580149559356187865e+02
8.840000999999999465e+01 6.533745367970077496e+02
8.860000999999999749e+01 6.407325699200314375e+02
8.879999999999999716e+01 6.380890655275670724e+02
8.900000000000000000e+01 6.334440691767466660e+02
8.920000000000000284e+01 6.297975728231974699e+02
8.940000999999999465e+01 6.271496037636659366e+02
8.960000999999999749e+01 6.195001364453059978e+02
8.979999999999999716e+01 6.108491806534273110e+02
9.000000000000000000e+01 6.151967807745043046e+02
9.020000000000000284e+01 6.055429287171426722e+02
9.040000999999999465e+01 6.048876509976415718e+02
9.060000999999999749e+01 5.872309223823081084e+02
9.079999999999999716e+01 5.895727522422653237e+02
9.100000000000000000e+01 5.859131838397995580e+02
9.120000000000000284e+01 5.892522090470534977e+02
9.140000999999999465e+01 5.825898536335450899e+02
9.160000999999999749e+01 5.719260926835187320e+02
9.179999999999999716e+01 5.672609351758009097e+02
9.200000000000000000e+01 5.665944232924981634e+02
9.220000000000000284e+01 5.589265488789249048e+02
9.240000999999999465e+01 5.632573369895919768e+02
9.260000999999999749e+01 5.525867630250517095e+02
9.279999999999999716e+01 5.409148355923421150e+02
9.300000000000000000e+01 5.452415958351001564e+02
9.320000000000000284e+01 5.425670355806014413e+02
9.340000999999999465e+01 5.388911791983582589e+02
9.360000999999999749e+01 5.282140024032413521e+02
9.379999999999999716e+01 5.235355134497269773e+02
9.400000000000000000e+01 5.228557524825422433e+02
9.420000000000000284e+01 5.241747113189389893e+02
9.440000999999999465e+01 5.234924136717952479e+02
9.460000999999999749e+01 5.118088355679930714e+02
9.479999999999999716e+01 5.091239849274868448e+02
9.500000000000000000e+01 5.104379009336387867e+02
9.520000000000000284e+01 5.037505754009844736e+02
9.540000999999999465e+01 5.140620314125953882e+02
9.560000999999999749e+01 4.943722453047822682e+02
9.579999999999999716e+01 4.916812246799144077e+02
9.600000000000000000e+01 4.889890077956479786e+02
9.620000000000000284e+01 4.922955864704591704e+02
9.640000999999999465e+01 4.906009831830066332e+02
9.660000999999999749e+01 4.839051745762080259e+02
9.679999999999999716e+01 4.782081679507592753e+02
9.700000000000000000e+01 4.735100006724994728e+02
9.720000000000000284e+01 4.788106645699075443e+02
9.740000999999999465e+01 4.831101815412812925e+02
9.760000999999999749e+01 4.654085285331166233e+02
9.779999999999999716e+01 4.687057125593953515e+02
9.800000000000000000e+01 4.590017701263674326e+02
9.820000000000000284e+01 4.662966930780304438e+02
9.840000999999999465e+01 4.645905027551185071e+02
9.860000999999999749e+01 4.588831764044992383e+02
9.879999999999999716e+01 4.471747207675132927e+02
9.900000000000000000e+01 4.524651715214891965e+02
9.920000000000000284e+01 4.537545205309580751e+02
9.940000999999999465e+01 4.570427886007119014e+02
9.960000999999999749e+01 4.403299532746327145e+02
9.979999999999999716e+01 4.366160210346668009e+02
1.000000000000000000e+02 4.379010267584225176e+02
1.002000000000000028e+02 4.341849623355197991e+02
1.004000000000000057e+02 4.424678339382468266e+02
1.005999999999999943e+02 4.267496476909179819e+02
1.007999999999999972e+02 4.330304096703424648e+02
1.010000000000000000e+02 4.173101259062873396e+02
1.012000000000000028e+02 4.265888023819354089e+02
1.014000000000000057e+02 4.298664450343374028e+02
1.015999999999999943e+02 4.171430597548592232e+02
1.017999999999999972e+02 4.094186523896235030e+02
1.020000000000000000e+02 4.106932287399467896e+02
1.022000000000000028e+02 4.149667945627708150e+02
1.024000000000000057e+02 4.122393555710891633e+02
1.025999999999999943e+02 4.075109174343691052e+02
1.027999999999999972e+02 3.957814857789684311e+02
1.030000000000000000e+02 3.970510661885473382e+02
1.032000000000000028e+02 4.033196642044756572e+02
1.034000000000000057e+02 3.995872853262359286e+02
1.035999999999999943e+02 3.948539350118206812e+02
1.037999999999999972e+02 3.911196186781264714e+02
1.040000000000000000e+02 3.863843417013425210e+02
1.042000000000000028e+02 3.886481094173354336e+02
1.044000000000000057e+02 3.819109271220290793e+02
1.045999999999999943e+02 3.811728000717807276e+02
1.047999999999999972e+02 3.764337334837524622e+02
1.050000000000000000e+02 3.736937325362785032e+02
1.052000000000000028e+02 3.749528023692286069e+02
1.054000000000000057e+02 3.772109480843671463e+02
1.055999999999999943e+02 3.724681747457080974e+02
1.057999999999999972e+02 3.627244873798663320e+02
1.060000000000000000e+02 3.659798909764048176e+02
1.062000000000000028e+02 3.582343904881777235e+02
1.064000000000000057e+02 3.664879908316700039e+02
1.065999999999999943e+02 3.567406968873333426e+02
1.067999999999999972e+02 3.519925134999177772e+02
1.070000000000000000e+02 3.522434454788001403e+02
1.072000000000000028e+02 3.594934975983087497e+02
1.074000000000000057e+02 3.577426745980444593e+02
1.075999999999999943e+02 3.529909811831981870e+02
1.077999999999999972e+02 3.392384220248649171e+02
1.080000000000000000e+02 3.444850017603542938e+02
1.082000000000000028e+02 3.517307249934979154e+02
1.084000000000000057e+02 3.429755962949529930e+02
1.085999999999999943e+02 3.422196202025029379e+02
1.087999999999999972e+02 3.324628012213546526e+02
1.090000000000000000e+02 3.367051438244322981e+02
1.092000000000000028e+02 3.399466524526684452e+02
1.094000000000000057e+02 3.381873315152912483e+02
1.095999999999999943e+02 3.374271853901094005e+02
1.097999999999999972e+02 3.226662184237934525e+02
1.100000000000000000e+02 3.269044349321542313e+02
1.102000000000000028e+02 3.391418392004179054e+02
1.104000000000000057e+02 3.303784354834992314e+02
1.105999999999999943e+02 3.266142280062703662e+02
1.107999999999999972e+02 3.158492209638279746e+02
1.110000000000000000e+02 3.250834185217566983e+02
1.112000000000000028e+02 3.213168248163904082e+02
1.114000000000000057e+02 3.195494439550703873e+02
1.115999999999999943e+02 3.217812800164007285e+02
1.117999999999999972e+02 3.090123370505010598e+02
1.120000000000000000e+02 3.082426190792567127e+02
1.122000000000000028e+02 3.194721300965661612e+02
1.124000000000000057e+02 3.157008740685859038e+02
1.125999999999999943e+02 3.139288549339724455e+02
1.127999999999999972e+02 2.941560766041224042e+02
1.130000000000000000e+02 3.023825429634095485e+02
1.132000000000000028e+02 3.086082578694192762e+02
1.134000000000000057e+02 3.038332251531811607e+02
1.135999999999999943e+02 2.980574486193986559e+02
1.137999999999999972e+02 3.002809320466766394e+02
1.140000000000000000e+02 2.805036791877461724e+02
1.142000000000000028e+02 3.037256937696877230e+02
1.144000000000000057e+02 2.969469794941511509e+02
1.145999999999999943e+02 2.921675400375740992e+02
1.147999999999999972e+02 2.863873790513977156e+02
1.150000000000000000e+02 2.856065001622805539e+02
1.152000000000000028e+02 2.878249069723098046e+02
1.154000000000000057e+02 2.890426030592107054e+02
1.155999999999999943e+02 2.812595919765537928e+02
1.157999999999999972e+02 2.724758772539594815e+02
1.160000000000000000e+02 2.796914623973016205e+02
1.162000000000000028e+02 2.839063508889080936e+02
1.164000000000000057e+02 2.741205461877593166e+02
1.165999999999999943e+02 2.763340517296855978e+02
1.167999999999999972e+02 2.675468709275614856e+02
1.170000000000000000e+02 2.687590071714988653e+02
1.172000000000000028e+02 2.779704638290377829e+02
1.174000000000000057e+02 2.731812442453351650e+02
1.175999999999999943e+02 2.603913517433521747e+02
1.177999999999999972e+02 2.636007896240394075e+02
1.180000000000000000e+02 2.658095611665196429e+02
1.182000000000000028e+02 2.690176696282701414e+02
1.184000000000000057e+02 2.552251182453015019e+02
1.185999999999999943e+02 2.654319102323361221e+02
1.187999999999999972e+02 2.506380487829838444e+02
1.190000000000000000e+02 2.588435370699165787e+02
1.192000000000000028e+02 2.670483782450408512e+02
1.194000000000000057e+02 2.502525754396683908e+02
1.195999999999999943e+02 2.554561317646857219e+02
1.197999999999999972e+02 2.436590503107214829e+02
1.200000000000000000e+02 2.508613341483122952e+02
1.202000000000000028e+02 2.570629863280669269e+02
1.204000000000000057e+02 2.402640098808291214e+02
1.205999999999999943e+02 2.484644078178383211e+02
1.207999999999999972e+02 2.426641831308893131e+02
1.210000000000000000e+02 2.438633387924900262e+02
1.212000000000000028e+02 2.480618777560178501e+02
1.214000000000000057e+02 2.472598029558744770e+02
1.215999999999999943e+02 2.344571173076390664e+02
1.217999999999999972e+02 2.366538237082203864e+02
1.220000000000000000e+02 2.418499250360066526e+02
1.222000000000000028e+02 2.380454241510148279e+02
1.224000000000000057e+02 2.422403238950377897e+02
1.225999999999999943e+02 2.314346270917905315e+02
1.227999999999999972e+02 2.256283365470545732e+02
1.230000000000000000e+02 2.358214550488212353e+02
1.232000000000000028e+02 2.350139853674336621e+02
1.234000000000000057e+02 2.332059302557269120e+02
1.235999999999999943e+02 2.283972924491673666e+02
1.237999999999999972e+02 2.235880746659905185e+02
1.240000000000000000e+02 2.287782796073372253e+02
1.242000000000000028e+02 2.249679099573891676e+02
1.244000000000000057e+02 2.251569683835024591e+02
1.245999999999999943e+02 2.283454575363404331e+02
1.247999999999999972e+02 2.105333800500050643e+02
1.250000000000000000e+02 2.217207385421667993e+02
1.252000000000000028e+02 2.289075356141938187e+02
1.254000000000000057e+02 2.220937738512792237e+02
1.255999999999999943e+02 2.142794558225679964e+02
1.257999999999999972e+02 2.064645840812819699e+02
1.260000000000000000e+02 2.126491611648439175e+02
1.262000000000000028e+02 2.228331895950006469e+02
1.264000000000000057e+02 2.160166718779445603e+02
1.265999999999999943e+02 2.161996105044345029e+02
1.267999999999999972e+02 2.023820079499151348e+02
1.270000000000000000e+02 2.075638666746353636e+02
1.272000000000000028e+02 2.217451891237656696e+02
1.274000000000000057e+02 2.069259777275142653e+02
1.275999999999999943e+02 2.091062349012421748e+02
1.277999999999999972e+02 2.002859630455774607e+02
1.280000000000000000e+02 2.084651645465280865e+02
1.281999999999999886e+02 2.096438417755938133e+02
1.284000000000000057e+02 2.058219970898773852e+02
1.285999999999999943e+02 2.119996328321941235e+02
1.288000000000000114e+02 1.871767513311810660e+02
1.290000000000000000e+02 1.983533549014046855e+02
1.291999999999999886e+02 2.085294458434680109e+02
1.294000000000000057e+02 2.077050264441162994e+02
1.295999999999999943e+02 1.918800989763421683e+02
1.298000000000000114e+02 2.010546656994896182e+02
1.300000000000000000e+02 1.972287288593568917e+02
1.301999999999999886e+02 1.974022906882988764e+02
1.304000000000000057e+02 1.925753534053280873e+02
1.305999999999999943e+02 1.997479192162150241e+02
1.308000000000000114e+02 1.889199903135875047e+02
1.310000000000000000e+02 1.910915688770291752e+02
1.311999999999999886e+02 1.992626570731770812e+02
1.314000000000000057e+02 2.014332570558183590e+02
1.315999999999999943e+02 1.836033709659860449e+02
1.318000000000000114e+02 1.807730009320541740e+02
1.320000000000000000e+02 1.889421490698316859e+02
1.321999999999999886e+02 1.931108174826558752e+02
1.324000000000000057e+02 1.882790082614848757e+02
1.325999999999999943e+02 1.834467234849890076e+02
1.328000000000000114e+02 1.846139652196419547e+02
1.330000000000000000e+02 1.857807355198104062e+02
1.331999999999999886e+02 1.909470364278435568e+02
1.334000000000000057e+02 1.831128699741612706e+02
1.335999999999999943e+02 1.792782381773418194e+02
1.338000000000000114e+02 1.774431430442087958e+02
1.340000000000000000e+02 1.796075865699169753e+02
1.341999999999999886e+02 1.897715707380378376e+02
1.344000000000000057e+02 1.819350975206441774e+02
1.345999999999999943e+02 1.780981688783936079e+02
1.348000000000000114e+02 1.732607867606120067e+02
1.350000000000000000e+02 1.764229531053756546e+02
1.351999999999999886e+02 1.785846698395930900e+02
1.354000000000000057e+02 1.827459388790857702e+02
1.355999999999999943e+02 1.729067621286684471e+02
1.358000000000000114e+02 1.720671414822287488e+02
1.360000000000000000e+02 1.672270788228058223e+02
1.361999999999999886e+02 1.773865760226686348e+02
1.364000000000000057e+02 1.805456349433933951e+02
1.365999999999999943e+02 1.707042574359403488e+02
1.368000000000000114e+02 1.688624453407298915e+02
1.370000000000000000e+02 1.710202004877180855e+02
1.371999999999999886e+02 1.791775246964714086e+02
1.374000000000000057e+02 1.653344197762410772e+02
1.375999999999999943e+02 1.674908875260363175e+02
1.378000000000000114e+02 1.726469297346977214e+02
1.380000000000000000e+02 1.558025481809690405e+02
1.381999999999999886e+02 1.689577446335691207e+02
1.384000000000000057e+02 1.741125208512630138e+02
1.385999999999999943e+02 1.592668785829321507e+02
1.388000000000000114e+02 1.564208195676445712e+02
1.390000000000000000e+02 1.715743455347238182e+02
1.391999999999999886e+02 1.577274582038177471e+02
1.394000000000000057e+02 1.708801592849667372e+02
1.395999999999999943e+02 1.590324504786709667e+02
1.398000000000000114e+02 1.581843334759574304e+02
1.400000000000000000e+02 1.593358099584464185e+02
1.401999999999999886e+02 1.644868815984171704e+02
1.404000000000000057e+02 1.636375500588732450e+02
1.405999999999999943e+02 1.567878169936070663e+02
1.408000000000000114e+02 1.479376840472643835e+02
1.410000000000000000e+02 1.560871528554074530e+02
1.411999999999999886e+02 1.602362250445785605e+02
1.414000000000000057e+02 1.593849022323623785e+02
1.415999999999999943e+02 1.555331860274479254e+02
1.418000000000000114e+02 1.476810780296902976e+02
1.420000000000000000e+02 1.528285798301715204e+02
1.421999999999999886e+02 1.589756930112611428e+02
1.424000000000000057e+02 1.551224191466761511e+02
1.425999999999999943e+02 1.552687598015405115e+02
1.428000000000000114e+02 1.464147165324442881e+02
1.430000000000000000e+02 1.435602908875018215e+02
1.431999999999999886e+02 1.597054844064103349e+02
1.434000000000000057e+02 1.558502986205069192e+02
1.435999999999999943e+02 1.459947350528259449e+02
1.438000000000000114e+02 1.441387952181555931e+02
1.440000000000000000e+02 1.412824806230940453e+02
1.441999999999999886e+02 1.544257927661050758e+02
1.444000000000000057e+02 1.535687331375734175e+02
1.445999999999999943e+02 1.427113032198594738e+02
1.448000000000000114e+02 1.438535044873536037e+02
1.450000000000000000e+02 1.399953384065300952e+02
1.451999999999999886e+02 1.521368064360005974e+02
1.454000000000000057e+02 1.462779100265672128e+02
1.455999999999999943e+02 1.404186506212748782e+02
1.458000000000000114e+02 1.405590296554638030e+02
1.460000000000000000e+02 1.326990485568208555e+02
1.461999999999999886e+02 1.528387087454313189e+02
1.464000000000000057e+02 1.419780116338294533e+02
1.465999999999999943e+02 1.441169586270491436e+02
1.468000000000000114e+02 1.282555511226738929e+02
1.470000000000000000e+02 1.413937905108866744e+02
1.471999999999999886e+02 1.485316781745190156e+02
1.474000000000000057e+02 1.376692154891001110e+02
1.475999999999999943e+02 1.368064038229050539e+02
1.478000000000000114e+02 1.399432445370032383e+02
1.480000000000000000e+02 1.330797389853058519e+02
1.481999999999999886e+02 1.462158885146133684e+02
1.484000000000000057e+02 1.333516944646624438e+02
1.485999999999999943e+02 1.364871581681725274e+02
1.488000000000000114e+02 1.366222809508921898e+02
1.490000000000000000e+02 1.297570641316447109e+02
1.491999999999999886e+02 1.378915090223739526e+02
1.494000000000000057e+02 1.280256169281892085e+02
1.495999999999999943e+02 1.371593891474099678e+02
1.498000000000000114e+02 1.282928269716107081e+02
1.500000000000000000e+02 1.354259316856644659e+02
1.501999999999999886e+02 1.395587045677869469e+02
1.504000000000000057e+02 1.336911468895797270e+02
1.505999999999999943e+02 1.298232599160733685e+02
1.508000000000000114e+02 1.269550449057700945e+02
1.510000000000000000e+02 1.250865031106861665e+02
1.511999999999999886e+02 1.392176357763939620e+02
1.514000000000000057e+02 1.283484441420636699e+02
1.515999999999999943e+02 1.344789294405045723e+02
1.518000000000000114e+02 1.206090928982063986e+02
1.520000000000000000e+02 1.237389357353796981e+02
1.521999999999999886e+02 1.408684591659965406e+02
1.524000000000000057e+02 1.269976643978305617e+02
1.525999999999999943e+02 1.271265526324967254e+02
1.528000000000000114e+02 1.282551250654909154e+02
1.530000000000000000e+02 1.223833828862289295e+02
1.531999999999999886e+02 1.335113272780856732e+02
1.534000000000000057e+02 1.296389594184335010e+02
1.535999999999999943e+02 1.237662804786806134e+02
1.538000000000000114e+02 1.188932916243090574e+02
1.540000000000000000e+02 1.220199940149123705e+02
1.541999999999999886e+02 1.291463888042331121e+02
1.544000000000000057e+02 1.362724771401999249e+02
1.545999999999999943e+02 1.163982601649643414e+02
1.548000000000000114e+02 1.195237390149374903e+02
1.550000000000000000e+02 1.246489148208261923e+02
1.551999999999999886e+02 1.307737887076692118e+02
1.554000000000000057e+02 1.178983617948727556e+02
1.555999999999999943e+02 1.250226351962460996e+02
1.558000000000000114e+02 1.151466100200367748e+02
1.560000000000000000e+02 1.222702873689653558e+02
1.561999999999999886e+02 1.293936683402603762e+02
1.564000000000000057e+02 1.225167540256925207e+02
1.565999999999999943e+02 1.216395455116088300e+02
1.568000000000000114e+02 1.107620438789666366e+02
1.570000000000000000e+02 1.188842502033671735e+02
1.571999999999999886e+02 1.280061655550889554e+02
1.574000000000000057e+02 1.271277909991209043e+02
1.575999999999999943e+02 1.142491275951951906e+02
1.578000000000000114e+02 1.153701763978200034e+02
1.580000000000000000e+02 1.204909384563117385e+02
1.581999999999999886e+02 1.226114148148273557e+02
1.584000000000000057e+02 1.197316065123961693e+02
1.585999999999999943e+02 1.158515145829514950e+02
1.588000000000000114e+02 1.079711400553622553e+02
1.590000000000000000e+02 1.180904839534639166e+02
1.591999999999999886e+02 1.242095472960897382e+02
1.594000000000000057e+02 1.203283310971013549e+02
1.595999999999999943e+02 1.134468363654192444e+02
1.598000000000000114e+02 1.035650641050532244e+02
1.600000000000000000e+02 1.236830153151323088e+02
1.601999999999999886e+02 1.158006909899346368e+02
1.604000000000000057e+02 1.209180921189171443e+02
1.605999999999999943e+02 1.110352196867448527e+02
1.608000000000000114e+02 1.111520746733202287e+02
1.610000000000000000e+02 1.142686580538118903e+02
1.611999999999999886e+02 1.163849707986837245e+02
1.614000000000000057e+02 1.175010138737231387e+02
1.615999999999999943e+02 1.066167882400695390e+02
1.618000000000000114e+02 1.117322948542424825e+02
1.620000000000000000e+02 1.068475346681695299e+02
1.621999999999999886e+02 1.189625086292140423e+02
1.624000000000000057e+02 1.200772176802027360e+02
1.625999999999999943e+02 1.011916627594528677e+02
1.628000000000000114e+02 1.083058448007995338e+02
1.630000000000000000e+02 1.124197647336224577e+02
1.631999999999999886e+02 1.225334234828728626e+02
1.634000000000000057e+02 1.106468219690999462e+02
1.635999999999999943e+02 1.097599611084771425e+02
1.638000000000000114e+02 1.018728418128284972e+02
1.640000000000000000e+02 1.139854649896544316e+02
1.641999999999999886e+02 1.140978315421576923e+02
1.644000000000000057e+02 1.072099423692688163e+02
1.645999999999999943e+02 1.113217983656716541e+02
1.648000000000000114e+02 1.014334004218285656e+02
1.650000000000000000e+02 1.125447494240054311e+02
1.651999999999999886e+02 1.126558462542966481e+02
1.654000000000000057e+02 1.137666917906497019e+02
1.655999999999999943e+02 1.048772869068897364e+02
1.658000000000000114e+02 9.998763247274393962e+01
1.660000000000000000e+02 1.100977293538656738e+02
1.661999999999999886e+02 1.142075784118584636e+02
1.664000000000000057e+02 1.103171805042998983e+02
1.665999999999999943e+02 1.024265364847652222e+02
1.668000000000000114e+02 9.953564720285086764e+01
1.670000000000000000e+02 1.056445135041977892e+02
1.671999999999999886e+02 1.167531362305145848e+02
1.674000000000000057e+02 1.078615162196006168e+02
1.675999999999999943e+02 1.029696543053686355e+02
1.678000000000000114e+02 9.507755131786770164e+01
1.680000000000000000e+02 1.091852080833055396e+02
1.681999999999999886e+02 1.102926254240709341e+02
1.684000000000000057e+02 1.103998041587560266e+02
1.685999999999999943e+02 1.015067451021782006e+02
1.688000000000000114e+02 1.026134490654021363e+02
1.690000000000000000e+02 9.971991685576143993e+01
1.691999999999999886e+02 1.148261492768803151e+02
1.694000000000000057e+02 1.049321471286949361e+02
1.695999999999999943e+02 9.903791120747476384e+01
1.698000000000000114e+02 1.001434423058437062e+02
1.700000000000000000e+02 1.002487412128011073e+02
1.701999999999999886e+02 1.143538087137425379e+02
1.704000000000000057e+02 1.054586455904806428e+02
1.705999999999999943e+02 1.005632526212655193e+02
1.708000000000000114e+02 9.966763058080529447e+01
1.710000000000000000e+02 1.017717802402862759e+02
1.711999999999999886e+02 1.098757023673932309e+02
1.714000000000000057e+02 9.997939772632925326e+01
1.715999999999999943e+02 9.808286707783570080e+01
1.718000000000000114e+02 9.818611117921193454e+01
1.720000000000000000e+02 1.042891307843348017e+02
1.721999999999999886e+02 1.023919266436782607e+02
1.724000000000000057e+02 1.044944995043325662e+02
1.725999999999999943e+02 9.859685011002349597e+01
1.728000000000000114e+02 9.969897920113146483e+01
1.730000000000000000e+02 9.680088751471036801e+01
1.731999999999999886e+02 1.129025757845064533e+02
1.734000000000000057e+02 9.700404474097696550e+01
1.735999999999999943e+02 9.910529511130869196e+01
1.738000000000000114e+02 9.620632761943640787e+01
1.740000000000000000e+02 9.730714298606106638e+01
1.741999999999999886e+02 1.144077419286681589e+02
1.744000000000000057e+02 9.150812516154560683e+01
1.745999999999999943e+02 1.026082933958017236e+02
1.748000000000000114e+02 9.470824733938306395e+01
1.750000000000000000e+02 1.078079876970920452e+02
1.751999999999999886e+02 1.029075151706045688e+02
1.754000000000000057e+02 1.010068304584874710e+02
1.755999999999999943e+02 9.310593425621573260e+01
1.758000000000000114e+02 9.920482725618991537e+01
1.760000000000000000e+02 9.230351014775304463e+01
1.761999999999999886e+02 1.084019836172076765e+02
1.764000000000000057e+02 9.750024834783283723e+01
1.765999999999999943e+02 9.459830501990066409e+01
1.768000000000000114e+02 9.569615431069313161e+01
1.770000000000000000e+02 9.779379689451850766e+01
1.771999999999999886e+02 1.008912334427278807e+02
1.774000000000000057e+02 1.019884646237314172e+02
1.775999999999999943e+02 9.708549110301456153e+01
1.778000000000000114e+02 9.118231354315412318e+01
1.780000000000000000e+02 9.927893260383432050e+01
1.781999999999999886e+02 1.043753489418626543e+02
1.784000000000000057e+02 1.024715632111856394e+02
1.785999999999999943e+02 8.856757606290452145e+01
1.788000000000000114e+02 9.466338814529088097e+01
1.790000000000000000e+02 9.975900010380199490e+01
1.791999999999999886e+02 1.058544125810963834e+02
1.794000000000000057e+02 9.194962621704888761e+01
1.795999999999999943e+02 9.404464164876594623e+01
1.798000000000000114e+02 -9.876054048939931818e+01
