# energy (eV)  EELS (a.u)
2.000000000000000000e+00 2.264869523518655114e+01
2.199999000000000038e+00 -2.688777645309528452e+00
2.399999999999999911e+00 -2.346270773005039700e+01
2.600000000000000089e+00 -1.133438038206645615e+01
2.799999000000000127e+00 -5.663759075125653908e-01
3.000000000000000000e+00 2.231488032119455056e+01
3.199999000000000038e+00 5.897504516493393112e+01
3.399999999999999911e+00 8.548615754853710769e+01
3.600000000000000089e+00 1.098616463470199278e+02
3.799999000000000127e+00 1.358692380195312808e+02
4.000000000000000000e+00 1.554831427903369558e+02
4.199999000000000038e+00 1.771497271775800755e+02
4.400000000000000355e+00 1.909568425450166842e+02
4.599999999999999645e+00 2.057370951367179259e+02
4.799998999999999683e+00 2.231405519063811198e+02
5.000000000000000000e+00 2.346826242965960319e+02
5.199999000000000038e+00 2.527763961294216415e+02
5.400000000000000355e+00 2.687585967506993256e+02
5.599999999999999645e+00 2.839052065730206778e+02
5.799998999999999683e+00 2.994455614036727411e+02
6.000000000000000000e+00 3.195719101328781449e+02
6.199999000000000038e+00 3.364459352916073271e+02
6.400000000000000355e+00 3.542057063460333666e+02
6.599999999999999645e+00 3.699688969649540695e+02
6.799998999999999683e+00 3.858370628309148174e+02
7.000000000000000000e+00 4.028983422098838219e+02
7.199999000000000038e+00 4.162290780229411098e+02
7.400000000000000355e+00 4.248965128047467488e+02
7.599999999999999645e+00 4.409593927404544615e+02
7.799998999999999683e+00 4.474697350161684426e+02
8.000000000000000000e+00 4.564737771073373551e+02
8.199999000000000038e+00 4.630123526909480915e+02
8.400000000000000355e+00 4.701222517644884533e+02
8.599999999999999645e+00 4.698361530867411489e+02
8.799998999999999683e+00 4.751835401035016844e+02
9.000000000000000000e+00 4.771910879090705180e+02
9.200001000000000317e+00 4.818827332441556450e+02
9.400002000000000635e+00 4.842802356602870191e+02
9.599997999999999365e+00 4.904032133887790792e+02
9.799998999999999683e+00 5.012699739695269159e+02
1.000000000000000000e+01 5.148967915795170711e+02
1.019999999999999929e+01 5.312986688117434824e+02
1.040000000000000036e+01 5.534894096696140195e+02
1.059999999999999964e+01 5.704816653550655019e+02
1.080000000000000071e+01 5.942870766243220260e+02
1.100000000000000000e+01 6.129163738126326280e+02
1.119999999999999929e+01 6.363794651227406121e+02
1.140000000000000036e+01 6.576855147608346215e+02
1.159999999999999964e+01 6.878430122632091752e+02
1.180000000000000071e+01 7.118598341567915213e+02
1.200000000000000000e+01 7.437432989296080450e+02
1.219999999999999929e+01 7.805002161472575608e+02
1.240000000000000036e+01 8.191369304336988080e+02
1.259999999999999964e+01 8.656593609352855765e+02
1.280000000000000071e+01 9.070730368028720250e+02
1.300000000000000000e+01 9.513831291553595975e+02
1.319999999999999929e+01 1.014594479927218345e+03
1.340000000000000036e+01 1.059711627950528964e+03
1.359999999999999964e+01 1.120738832577567791e+03
1.380000000000000071e+01 1.175680095111715218e+03
1.400000000000000000e+01 1.238539178281525437e+03
1.419999999999999929e+01 1.307319623964369612e+03
1.440000000000000036e+01 1.367024769341451247e+03
1.459999999999999964e+01 1.437657761644649554e+03
1.480000000000000071e+01 1.524221571637085617e+03
1.500000000000000000e+01 1.602719005953139913e+03
1.519999999999999929e+01 1.698152718409517547e+03
1.540000000000000036e+01 1.799525220386615956e+03
1.559999999999999964e+01 1.903838890368603188e+03
1.580000000000000071e+01 2.024095982721105202e+03
1.600000000000000000e+01 2.143298635777020991e+03
1.619999999999999929e+01 2.265448879293598111e+03
1.639999999999999858e+01 2.456548641337379195e+03
1.660000000000000142e+01 2.600599754647850659e+03
1.680000000000000071e+01 2.798603962525515271e+03
1.700000000000000000e+01 2.979562924285560257e+03
1.719999999999999929e+01 3.189478220314256760e+03
1.739999999999999858e+01 3.333351356761625539e+03
1.760000000000000142e+01 3.568183769900696007e+03
1.780000000000000071e+01 3.731976830180816251e+03
1.800000000000000000e+01 3.884731845999914185e+03
1.819999999999999929e+01 3.994450067218299864e+03
1.839999999999999858e+01 4.091132688434550801e+03
1.860000000000000142e+01 4.141780852042161314e+03
1.880000000000000071e+01 4.156395651083980738e+03
1.900000000000000000e+01 4.143978131919954649e+03
1.919999999999999929e+01 4.092529296722343133e+03
1.939999999999999858e+01 4.029050105811360936e+03
1.960000000000000142e+01 3.930541479843086563e+03
1.980000000000000071e+01 3.814004301860480155e+03
2.000000000000000000e+01 3.672439419217466821e+03
2.019999999999999929e+01 3.542847645385187207e+03
2.039999999999999858e+01 3.408229761648813565e+03
2.060000000000000142e+01 3.274586518702618378e+03
2.080000000000000071e+01 3.124918638150384140e+03
2.100000000000000000e+01 3.022226813917684012e+03
2.119999999999999929e+01 2.877511713582040557e+03
2.139999999999999858e+01 2.763773979626514119e+03
2.160000000000000142e+01 2.664014230621841307e+03
2.180000000000000071e+01 2.580233062341853838e+03
2.200000000000000000e+01 2.485431048816556540e+03
2.219999999999999929e+01 2.421608743326915828e+03
2.239999999999999858e+01 2.348766679345098964e+03
2.260000000000000142e+01 2.290905371423655652e+03
2.280000000000000071e+01 2.237025316036854292e+03
2.300000000000000000e+01 2.186126992377167880e+03
2.319999999999999929e+01 2.141210863109695765e+03
2.339999999999999858e+01 2.099277375087096971e+03
2.360000000000000142e+01 2.064326960027442510e+03
2.380000000000000071e+01 2.024360035157222455e+03
2.400000000000000000e+01 1.991377003821592780e+03
2.419999999999999929e+01 1.957378256063802155e+03
2.439999999999999858e+01 1.922364169175608367e+03
2.460000000000000142e+01 1.884335108220376242e+03
2.480000000000000071e+01 1.851291426530434592e+03
2.500000000000000000e+01 1.812233466180163532e+03
2.519999999999999929e+01 1.773161558436193445e+03
2.539999999999999858e+01 1.736076024186002087e+03
2.560000000000000142e+01 1.701977174346116726e+03
2.580000000000000071e+01 1.668865310251051596e+03
2.600000000000000000e+01 1.634740724024037945e+03
2.619999999999999929e+01 1.606603698930539394e+03
2.639999999999999858e+01 1.571454509715482118e+03
2.660000000000000142e+01 1.544293422925076356e+03
2.680000000000000071e+01 1.517120697214044185e+03
2.700000000000000000e+01 1.493936583639027731e+03
2.719999999999999929e+01 1.460741325938900900e+03
2.739999999999999858e+01 1.437535160802664223e+03
2.760000000000000142e+01 1.408318318125564701e+03
2.780000000000000071e+01 1.376091021254042744e+03
2.800000000000000000e+01 1.351853487220073248e+03
2.819999999999999929e+01 1.317605926965437448e+03
2.839999999999999858e+01 1.283348545556427780e+03
2.860000000000000142e+01 1.251081542389461902e+03
2.880000000000000071e+01 1.224805111388055138e+03
2.900000000000000000e+01 1.195519441191570650e+03
2.919999999999999929e+01 1.172224715336154986e+03
2.939999999999999858e+01 1.149921112428225570e+03
2.960000000000000142e+01 1.130608806310877299e+03
2.980000000000000071e+01 1.117287966223538206e+03
3.000000000000000000e+01 1.105958756955196122e+03
3.019999999999999929e+01 1.090621338991498533e+03
3.039999999999999858e+01 1.086275868656008697e+03
3.060000000000000142e+01 1.076922498245892029e+03
3.080000000000000071e+01 1.070561376162284887e+03
3.100000000000000000e+01 1.065192647035591790e+03
3.119999999999999929e+01 1.060816451845939582e+03
3.139999999999999858e+01 1.054432928039007038e+03
3.160000000000000142e+01 1.050042209637436827e+03
3.180000000000000071e+01 1.045644427348025602e+03
3.200000000000000000e+01 1.042239708664881164e+03
3.220000000000000284e+01 1.037828177968719501e+03
3.239999999999999858e+01 1.032409956622474965e+03
3.260000000000000142e+01 1.031985163063378195e+03
3.279999999999999716e+01 1.029553912891658911e+03
3.300000000000000000e+01 1.029116318956013401e+03
3.320000000000000284e+01 1.032672491435977463e+03
3.339999999999999858e+01 1.033222537921333696e+03
3.360000000000000142e+01 1.036766563488678457e+03
3.379999999999999716e+01 1.038304670775267368e+03
3.400000000000000000e+01 1.043836960050250582e+03
3.420000000000000284e+01 1.048363529283407161e+03
3.439999999999999858e+01 1.054884474211479301e+03
3.460000000000000142e+01 1.059399888402207125e+03
3.479999999999999716e+01 1.063909863316152268e+03
3.500000000000000000e+01 1.067414488366404839e+03
3.520000000000000284e+01 1.072913850976253116e+03
3.539999999999999858e+01 1.075408036634901237e+03
3.560000000000000142e+01 1.078897128951309696e+03
3.579999999999999716e+01 1.079381209706231630e+03
3.600000000000000000e+01 1.080860358902519238e+03
3.620000000000000284e+01 1.086334654813763109e+03
3.639999999999999858e+01 1.086804174031331058e+03
3.660000000000000142e+01 1.083268991509867874e+03
3.679999999999999716e+01 1.084729180611315314e+03
3.700000000000000000e+01 1.084184813147504883e+03
3.720000000000000284e+01 1.084635959421384314e+03
3.739999999999999858e+01 1.081082688266920968e+03
3.760000000000000142e+01 1.076525067087737625e+03
3.779999999999999716e+01 1.075963161894525228e+03
3.800000000000000000e+01 1.073397037341277155e+03
3.820000000000000284e+01 1.064826756760390708e+03
3.839999999999999858e+01 1.062252382196674944e+03
3.860000000000000142e+01 1.055673974440304391e+03
3.879999999999999716e+01 1.051091593058760282e+03
3.900000000000000000e+01 1.043505296427790654e+03
3.920000000000000284e+01 1.031915141761428004e+03
3.939999999999999858e+01 1.028321185141097430e+03
3.960000000000000142e+01 1.014723481543845992e+03
3.979999999999999716e+01 1.009122084869725541e+03
4.000000000000000000e+01 9.995170479683589519e+02
4.020000000000000284e+01 9.939084226647163405e+02
4.039999999999999858e+01 9.842962597841309389e+02
4.060000000000000142e+01 9.726806091765794235e+02
4.079999999999999716e+01 9.670615197402524927e+02
4.100000000000000000e+01 9.584390394444390040e+02
4.120000000000000284e+01 9.518132153517492497e+02
4.139999999999999858e+01 9.441840936396963571e+02
4.160000000000000142e+01 9.415517196216605953e+02
4.179999999999999716e+01 9.299161377672550088e+02
4.200000000000000000e+01 9.272773917221143165e+02
4.220000000000000284e+01 9.186355243271234485e+02
4.239999999999999858e+01 9.139905776371068669e+02
4.260000000000000142e+01 9.103425929389954945e+02
4.279999999999999716e+01 9.006916107694869424e+02
4.300000000000000000e+01 8.960376709322177931e+02
4.320000000000000284e+01 8.923808125144624910e+02
4.339999999999999858e+01 8.867210739033730533e+02
4.360000000000000142e+01 8.780584928017771063e+02
4.379999999999999716e+01 8.753931062435451622e+02
4.400000000000000000e+01 8.677249506085435087e+02
4.420000000000000284e+01 8.610540616371837359e+02
4.439999999999999858e+01 8.543804744445825463e+02
4.460000000000000142e+01 8.487042235343450329e+02
4.479999999999999716e+01 8.400253428119801811e+02
4.500000000000000000e+01 8.353438655979634859e+02
4.520000000000000284e+01 8.266598246404555539e+02
4.539999999999999858e+01 8.219732521276870330e+02
4.560000000000000142e+01 8.142841797000214683e+02
4.579999999999999716e+01 8.085926384617049507e+02
4.600000000000000000e+01 8.008986589923121073e+02
4.620000000000000284e+01 7.942022713578980984e+02
4.639999999999999858e+01 7.895035051218643503e+02
4.660000000000000142e+01 7.798023893555482573e+02
4.679999999999999716e+01 7.760989526485434453e+02
4.700000000000000000e+01 7.693932231187599200e+02
4.720000000000000284e+01 7.616852284222302387e+02
4.739999999999999858e+01 7.569749957626711421e+02
4.760000000000000142e+01 7.492625519008056472e+02
4.779999999999999716e+01 7.435479231634549251e+02
4.800000000000000000e+01 7.358311354524043963e+02
4.820000000000000284e+01 7.311122142530516612e+02
4.839999999999999858e+01 7.243911846428427452e+02
4.860000000000000142e+01 7.196680712995029126e+02
4.879999999999999716e+01 7.109428985090657989e+02
4.900000000000000000e+01 7.072156901737101862e+02
4.920000000000000284e+01 7.034864698194063521e+02
4.939999999999999858e+01 6.947552606033797247e+02
4.960000000000000142e+01 6.910220853213957071e+02
4.979999999999999716e+01 6.842869664148716993e+02
5.000000000000000000e+01 6.795499259778192709e+02
5.020000000000000284e+01 6.758109857636238758e+02
5.039999999999999858e+01 6.700701671916644955e+02
5.060000000000000142e+01 6.633274913537778730e+02
5.079999999999999716e+01 6.605829790205726795e+02
5.100000000000000000e+01 6.548366506475967981e+02
5.120000000000000284e+01 6.500885263813615893e+02
5.139999999999999858e+01 6.443386260652275723e+02
5.160000000000000142e+01 6.415869692451555011e+02
5.179999999999999716e+01 6.358335751753248815e+02
5.200000000000000000e+01 6.310784628236256140e+02
5.220000000000000284e+01 6.273216508770245810e+02
5.239999999999999858e+01 6.225631577468107025e+02
5.260000000000000142e+01 6.178030015737227814e+02
5.279999999999999716e+01 6.160412002329617280e+02
5.300000000000000000e+01 6.102777713390911458e+02
5.320000000000000284e+01 6.075127322508286625e+02
5.339999999999999858e+01 6.047461000757315333e+02
5.360000000000000142e+01 5.999778916747782205e+02
5.379999999999999716e+01 5.972081236668499287e+02
5.400000000000000000e+01 5.914368124331135732e+02
5.420000000000000284e+01 5.886639741213090247e+02
5.439999999999999858e+01 5.868896246499430163e+02
5.460000000000000142e+01 5.821137797123931250e+02
5.479999999999999716e+01 5.793364547809220539e+02
5.500000000000000000e+01 5.785576651106063082e+02
5.520000000000000284e+01 5.707774257431804017e+02
5.539999999999999858e+01 5.699957515107995505e+02
5.560000000000000142e+01 5.672126570397213072e+02
5.579999999999999716e+01 5.644281567539109119e+02
5.600000000000000000e+01 5.606422648785686533e+02
5.620000000000000284e+01 5.578549954435843574e+02
5.639999999999999858e+01 5.550663622869195706e+02
5.660000000000000142e+01 5.512763790579176657e+02
5.679999999999999716e+01 5.504850592205471003e+02
5.700000000000000000e+01 5.466924160565761213e+02
5.720000000000000284e+01 5.428984626686822139e+02
5.739999999999999858e+01 5.421032119834978857e+02
5.760000000000000142e+01 5.393066767545936955e+02
5.779999999999999716e+01 5.365088695654001185e+02
5.800000000000000000e+01 5.337098028320708636e+02
5.820000000000000284e+01 5.299094888062867312e+02
5.839999999999999858e+01 5.311079395780043342e+02
5.860000000000000142e+01 5.253051670781477469e+02
5.879999999999999716e+01 5.235011830812479730e+02
5.900000000000000000e+01 5.206959992080280699e+02
5.920000000000000284e+01 5.178896269279371154e+02
5.939999999999999858e+01 5.150820775616349465e+02
5.960000000000000142e+01 5.152733622834257403e+02
5.979999999999999716e+01 5.114634921236456648e+02
6.000000000000000000e+01 5.076524779710017583e+02
6.020000000000000284e+01 5.068403305748661296e+02
6.039999999999999858e+01 5.030270605475250818e+02
6.060000000000000142e+01 5.022126783663842389e+02
6.079999999999999716e+01 4.983971943761311536e+02
6.100000000000000000e+01 4.955806187908557945e+02
6.120000000000000284e+01 4.947629616961305601e+02
6.139999999999999858e+01 4.909442330510502188e+02
6.160000000000000142e+01 4.891244426902325699e+02
6.179999999999999716e+01 4.873036003257811331e+02
6.200000000000000000e+01 4.854817155492106622e+02
6.220000000000000284e+01 4.816587978333357114e+02
6.239999999999999858e+01 4.788348565341242420e+02
6.260000000000000142e+01 4.760099008925155886e+02
6.279999999999999716e+01 4.711839400362046035e+02
6.300000000000000000e+01 4.733569829813926617e+02
6.320000000000000284e+01 4.685290386345056959e+02
6.339999999999999858e+01 4.687001157938803431e+02
6.360000000000000142e+01 4.658702231514191681e+02
6.379999999999999716e+01 4.630393692942147368e+02
6.400000000000000000e+01 4.582075627061444720e+02
6.420000000000000284e+01 4.583748117694356097e+02
6.439999000000000251e+01 4.555411164738159187e+02
6.460000999999999749e+01 4.527065181261456246e+02
6.479999999999999716e+01 4.498709751970738466e+02
6.500000000000000000e+01 4.470345287082808454e+02
6.520000000000000284e+01 4.471971783100492530e+02
6.539999000000000251e+01 4.423589237406130792e+02
6.560000999999999749e+01 4.415198049295253782e+02
6.579999999999999716e+01 4.406797812391306479e+02
6.600000000000000000e+01 4.368388923316310866e+02
6.620000000000000284e+01 4.339971376316646570e+02
6.639999000000000251e+01 4.341545166508416855e+02
6.660000999999999749e+01 4.293110680134839185e+02
6.679999999999999716e+01 4.314667519496812247e+02
6.700000000000000000e+01 4.236216068328150754e+02
6.720000000000000284e+01 4.237756318844699877e+02
6.739999000000000251e+01 4.209288264120879148e+02
6.760000999999999749e+01 4.200812278017750714e+02
6.779999999999999716e+01 4.182327971278158429e+02
6.800000000000000000e+01 4.123835715405026008e+02
6.820000000000000284e+01 4.135335500787728051e+02
6.839999000000000251e+01 4.096827318661964341e+02
6.860000999999999749e+01 4.068311531130588037e+02
6.879999999999999716e+01 4.079787757147387310e+02
6.900000000000000000e+01 4.051256356596699106e+02
6.920000000000000284e+01 4.022717318225938357e+02
6.939999000000000251e+01 3.994170631615710363e+02
6.960000999999999749e+01 3.975616647692340280e+02
6.979999999999999716e+01 3.977054993394460780e+02
7.000000000000000000e+01 3.938486017558933554e+02
7.020000000000000284e+01 3.909909707458193111e+02
7.039999000000000251e+01 3.921326051184033190e+02
7.060000999999999749e+01 3.892735389029211888e+02
7.079999999999999716e+01 3.864137355696308305e+02
7.100000000000000000e+01 3.855532289508054760e+02
7.120000000000000284e+01 3.836920176413151466e+02
7.139999000000000251e+01 3.818301003165292400e+02
7.160000999999999749e+01 3.769675099931104114e+02
7.179999999999999716e+01 3.781042108961622148e+02
7.200000000000000000e+01 3.772402358564132214e+02
7.220000000000000284e+01 3.733755833500707126e+02
7.239999000000000251e+01 3.715102519323644970e+02
7.260000999999999749e+01 3.706442736548239623e+02
7.279999999999999716e+01 3.677776134764047811e+02
7.300000000000000000e+01 3.679103032729719303e+02
7.320000000000000284e+01 3.660423414145080869e+02
7.339999000000000251e+01 3.661737263485135259e+02
7.360000999999999749e+01 3.623044892058609321e+02
7.379999999999999716e+01 3.594345956589283446e+02
7.400000000000000000e+01 3.565640766724641821e+02
7.420000000000000284e+01 3.586929305215185764e+02
7.439999000000000251e+01 3.548211555571356826e+02
7.460000999999999749e+01 3.539487820312411941e+02
7.479999999999999716e+01 3.540757763097732891e+02
7.500000000000000000e+01 3.492021684874061407e+02
7.520000000000000284e+01 3.483279567545155260e+02
7.539999000000000251e+01 3.484531393759374396e+02
7.560000999999999749e+01 3.445777457638072292e+02
7.579999999999999716e+01 3.447017429583288504e+02
7.600000000000000000e+01 3.428251602226478099e+02
7.620000000000000284e+01 3.429479956717899540e+02
7.639999000000000251e+01 3.400702474937046418e+02
7.660000999999999749e+01 3.381919442975355423e+02
7.679999999999999716e+01 3.393130537790220842e+02
7.700000000000000000e+01 3.354336044060189010e+02
7.720000000000000284e+01 3.345535942266826055e+02
7.739999000000000251e+01 3.336730213605600284e+02
7.760000999999999749e+01 3.337919136484197224e+02
7.779999999999999716e+01 3.319102394233654536e+02
7.800000000000000000e+01 3.300280263920629977e+02
7.820000000000000284e+01 3.271452725435169668e+02
7.839999000000000251e+01 3.302619759365968548e+02
7.860000999999999749e+01 3.253781636762934113e+02
7.879999999999999716e+01 3.234938047154532796e+02
7.900000000000000000e+01 3.246089260316772993e+02
7.920000000000000284e+01 3.217235255618436440e+02
7.939999000000000251e+01 3.198376013111824250e+02
7.960000999999999749e+01 3.209511796796302860e+02
7.979999999999999716e+01 3.170642302226973470e+02
8.000000000000000000e+01 3.191767792192072193e+02
8.020000000000000284e+01 3.152888245603103883e+02
8.039999000000000251e+01 3.154003642040123623e+02
8.060000999999999749e+01 3.145114238741805366e+02
8.079999999999999716e+01 3.126219737124391713e+02
8.100000000000000000e+01 3.107320393274180788e+02
8.120000000000000284e+01 3.098416185703698034e+02
8.139999000000000251e+01 3.099507093579236994e+02
8.160000999999999749e+01 3.060593367652475649e+02
8.179999999999999716e+01 3.041674715040484216e+02
8.200000000000000000e+01 3.082751385397612580e+02
8.220000000000000284e+01 3.023823356890534342e+02
8.239999000000000251e+01 3.014890608325126777e+02
8.260000999999999749e+01 3.015953384224731053e+02
8.279999999999999716e+01 3.007011397251994254e+02
8.300000000000000000e+01 2.988064890884555211e+02
8.320000000000000284e+01 2.989113842991667411e+02
8.339999000000000251e+01 2.960158232067459494e+02
8.360000999999999749e+01 2.951198296651594433e+02
8.379999999999999716e+01 2.922233754801974328e+02
8.400000000000000000e+01 2.933264844061021108e+02
8.420000000000000284e+01 2.924291542044728089e+02
8.439999000000000251e+01 2.895313826979881924e+02
8.460000999999999749e+01 2.896331931654079881e+02
8.479999999999999716e+01 2.877345579374944009e+02
8.500000000000000000e+01 2.868355001978359837e+02
8.520000000000000284e+01 2.869360176867328391e+02
8.539999000000000251e+01 2.830361082041824261e+02
8.560000999999999749e+01 2.841357944756811094e+02
8.579999999999999716e+01 2.812350493428749587e+02
8.600000000000000000e+01 2.823338954403705543e+02
8.620000000000000284e+01 2.794323304908410819e+02
8.639999000000000251e+01 2.785303522753022207e+02
8.660000999999999749e+01 2.776279829867921194e+02
8.679999999999999716e+01 2.757251959642048860e+02
8.700000000000000000e+01 2.768220133137182302e+02
8.720000000000000284e+01 2.729184327437274646e+02
8.739999000000000251e+01 2.740144520196434996e+02
8.760000999999999749e+01 2.731100928217878163e+02
8.779999999999999716e+01 2.722053289731039740e+02
8.800000000000000000e+01 2.683001820708486207e+02
8.820000000000000284e+01 2.703946498121931654e+02
8.839999000000000251e+01 2.664887299500261975e+02
8.860000999999999749e+01 2.675824436706985807e+02
8.879999999999999716e+01 2.646757652684288473e+02
8.900000000000000000e+01 2.657687158500809232e+02
8.920000000000000284e+01 2.638612931043873004e+02
8.939999000000000251e+01 2.629534947745276554e+02
8.960000999999999749e+01 2.600453415706955980e+02
8.979999999999999716e+01 2.621368082460204505e+02
9.000000000000000000e+01 2.592279154345847019e+02
9.020000000000000284e+01 2.583186608192205540e+02
9.039999000000000251e+01 2.564090421359663310e+02
9.060000999999999749e+01 2.594990796357973863e+02
9.079999999999999716e+01 2.545887485187867583e+02
9.100000000000000000e+01 2.546780689629860319e+02
9.120000000000000284e+01 2.527670386476409305e+02
9.139999000000000251e+01 2.548556553039912274e+02
9.160000999999999749e+01 2.519439387399123120e+02
9.179999999999999716e+01 2.510318645908378130e+02
9.200000000000000000e+01 2.501194525947310865e+02
9.220000000000000284e+01 2.492067004293596426e+02
9.239999000000000251e+01 2.492936058233014194e+02
9.260000999999999749e+01 2.453801881566799921e+02
9.279999999999999716e+01 2.464664234890767034e+02
9.300000000000000000e+01 2.475523311335511494e+02
9.320000000000000284e+01 2.456379087683122293e+02
9.339999000000000251e+01 2.437231541212244679e+02
9.360000999999999749e+01 2.448080861592832775e+02
9.379999999999999716e+01 2.418926813553633792e+02
9.400000000000000000e+01 2.429769586120913516e+02
9.420000000000000284e+01 2.400609156098648782e+02
9.439999000000000251e+01 2.391445500776106883e+02
9.460000999999999749e+01 2.392278805831385569e+02
9.479999999999999716e+01 2.373108840021079118e+02
9.500000000000000000e+01 2.383935788405119354e+02
9.520000000000000284e+01 2.364759627825264658e+02
9.539999000000000251e+01 2.355580335597578312e+02
9.560000999999999749e+01 2.356398093541311880e+02
9.579999999999999716e+01 2.347212674339161254e+02
9.600000000000000000e+01 2.338024259216396672e+02
9.620000000000000284e+01 2.328832825067005956e+02
9.639999000000000251e+01 2.329638349248570250e+02
9.660000999999999749e+01 2.310441009848462386e+02
9.679999999999999716e+01 2.301240583376956579e+02
9.700000000000000000e+01 2.302037247350378948e+02
9.720000000000000284e+01 2.292830978728064792e+02
9.739999000000000251e+01 2.293621754922503726e+02
9.760000999999999749e+01 2.284409750410461299e+02
9.779999999999999716e+01 2.265194745434375818e+02
9.800000000000000000e+01 2.265976913921728340e+02
9.820000000000000284e+01 2.246756232909103232e+02
9.839999000000000251e+01 2.257532679876066766e+02
9.860000999999999749e+01 2.248306425804672415e+02
9.879999999999999716e+01 2.229077254577109386e+02
9.900000000000000000e+01 2.239845336646810665e+02
9.920000000000000284e+01 2.210610649138394024e+02
9.939999000000000251e+01 2.221373169609547915e+02
9.960000999999999749e+01 2.192133065658433679e+02
9.979999999999999716e+01 2.212890124717473839e+02
1.000000000000000000e+02 2.193644513875842392e+02
1.002000000000000028e+02 2.184396210355948824e+02
1.004000000000000057e+02 2.185145229187871507e+02
1.005999999999999943e+02 2.175891585287666317e+02
1.007999999999999972e+02 2.166635293458462002e+02
1.010000000000000000e+02 2.157376368391537653e+02
1.012000000000000028e+02 2.158114824667391076e+02
1.014000000000000057e+02 2.138850676756795224e+02
1.015999999999999943e+02 2.149583939021839285e+02
1.017999999999999972e+02 2.140314625716960961e+02
1.020000000000000000e+02 2.121042750989965100e+02
1.022000000000000028e+02 2.121768328883032098e+02
1.024000000000000057e+02 2.132491373333712943e+02
1.025999999999999943e+02 2.083211898175915167e+02
1.027999999999999972e+02 2.113929917140876000e+02
1.030000000000000000e+02 2.094645443858124167e+02
1.032000000000000028e+02 2.105358491856432579e+02
1.034000000000000057e+02 2.066069074564758523e+02
1.035999999999999943e+02 2.086777205313174477e+02
1.037999999999999972e+02 2.057482897333787264e+02
1.040000000000000000e+02 2.068186163761648686e+02
1.042000000000000028e+02 2.068887017635653081e+02
1.044000000000000057e+02 2.049585471899428626e+02
1.045999999999999943e+02 2.060281539402214435e+02
1.047999999999999972e+02 2.040975232899731679e+02
1.050000000000000000e+02 2.021666565055043066e+02
1.052000000000000028e+02 1.532355548439402639e+02
1.054000000000000057e+02 2.023042195533096788e+02
1.055999999999999943e+02 2.013726518726276140e+02
1.057999999999999972e+02 2.014408530319777810e+02
1.060000000000000000e+02 1.995088242525938540e+02
1.062000000000000028e+02 2.005765667469398750e+02
1.064000000000000057e+02 1.996440817187898631e+02
1.065999999999999943e+02 1.987113703633065711e+02
1.067999999999999972e+02 1.967784338671190767e+02
1.070000000000000000e+02 1.988452734083999758e+02
1.072000000000000028e+02 1.969118901569414675e+02
1.074000000000000057e+02 1.949782852742305295e+02
1.075999999999999943e+02 1.960444599135235819e+02
1.077999999999999972e+02 1.951104152199200996e+02
1.080000000000000000e+02 1.941761523304354284e+02
1.082000000000000028e+02 1.952416723740730617e+02
1.084000000000000057e+02 1.933069764718957231e+02
1.085999999999999943e+02 1.943720657370961078e+02
1.087999999999999972e+02 1.914369412750666868e+02
1.090000000000000000e+02 1.925016041834686291e+02
1.092000000000000028e+02 1.905660555523001563e+02
1.094000000000000057e+02 1.916302964639642141e+02
1.095999999999999943e+02 1.896943279933352642e+02
1.097999999999999972e+02 1.907581512078253922e+02
1.100000000000000000e+02 1.888217671674499059e+02
1.102000000000000028e+02 1.898851769248919368e+02
1.104000000000000057e+02 1.909483815255666173e+02
1.105999999999999943e+02 1.910113820076843751e+02
1.107999999999999972e+02 1.900741794023138311e+02
1.110000000000000000e+02 1.941367747334436729e+02
1.112000000000000028e+02 1.951991690180442447e+02
1.114000000000000057e+02 1.962613632661281429e+02
1.115999999999999943e+02 2.013233584808105547e+02
1.117999999999999972e+02 2.023851556583686033e+02
1.120000000000000000e+02 2.064467557883003792e+02
1.122000000000000028e+02 2.105081598533830345e+02
1.124000000000000057e+02 2.115693688297306778e+02
1.125999999999999943e+02 2.126303836868513031e+02
1.127999999999999972e+02 2.136912053877032349e+02
1.130000000000000000e+02 2.127518348887512616e+02
1.132000000000000028e+02 2.128122731400216594e+02
1.134000000000000057e+02 2.108725210851571887e+02
1.135999999999999943e+02 2.099325796614711521e+02
1.137999999999999972e+02 2.089924498000011113e+02
1.140000000000000000e+02 2.070521324255618651e+02
1.142000000000000028e+02 2.101116284567981722e+02
1.144000000000000057e+02 2.061709388062366202e+02
1.145999999999999943e+02 2.072300643803370974e+02
1.147999999999999972e+02 2.082890060795439240e+02
1.150000000000000000e+02 2.073477647983360725e+02
1.152000000000000028e+02 2.074063414252771906e+02
1.154000000000000057e+02 2.094647368430651113e+02
1.155999999999999943e+02 2.085229519285806816e+02
1.157999999999999972e+02 2.085809875529361648e+02
1.160000000000000000e+02 2.106388445815232728e+02
1.162000000000000028e+02 2.106965238740606310e+02
1.164000000000000057e+02 2.117540262846407018e+02
1.165999999999999943e+02 2.148113526617763114e+02
1.167999999999999972e+02 2.168685038484468350e+02
1.170000000000000000e+02 2.199254806821435579e+02
1.172000000000000028e+02 2.209822839949150648e+02
1.174000000000000057e+02 2.270389146134117482e+02
1.175999999999999943e+02 2.310953733589301464e+02
1.177999999999999972e+02 2.341516610474567983e+02
1.180000000000000000e+02 2.382077784897114441e+02
1.182000000000000028e+02 2.452637264911901980e+02
1.184000000000000057e+02 2.463195058522079535e+02
1.185999999999999943e+02 2.453751173679404758e+02
1.187999999999999972e+02 2.454305618284661819e+02
1.190000000000000000e+02 2.424858400188073233e+02
1.192000000000000028e+02 2.385409527189710559e+02
1.194000000000000057e+02 2.345959007039896562e+02
1.195999999999999943e+02 2.356506847439608237e+02
1.197999999999999972e+02 2.297053056040873287e+02
1.200000000000000000e+02 2.297597640447162632e+02
1.202000000000000028e+02 2.298140608213780354e+02
1.204000000000000057e+02 2.278681966848249090e+02
1.205999999999999943e+02 2.279221723810692026e+02
1.207999999999999972e+02 2.289759886514210621e+02
1.210000000000000000e+02 2.270296462325259768e+02
1.212000000000000028e+02 2.290831458564017566e+02
1.214000000000000057e+02 2.301364882504753950e+02
1.215999999999999943e+02 2.271896741376193916e+02
1.217999999999999972e+02 2.322427042361877625e+02
1.220000000000000000e+02 2.322955792600517384e+02
1.222000000000000028e+02 2.323482999186351208e+02
1.224000000000000057e+02 2.364008669169493828e+02
1.225999999999999943e+02 2.374532809556281450e+02
1.227999999999999972e+02 2.395055427309617357e+02
1.230000000000000000e+02 2.425576529349310704e+02
1.232000000000000028e+02 2.446096122552413590e+02
1.234000000000000057e+02 2.466614213753557010e+02
1.235999999999999943e+02 2.487130809745277702e+02
1.237999999999999972e+02 2.467645917278349543e+02
1.240000000000000000e+02 2.478159543062105854e+02
1.242000000000000028e+02 2.428671693764760846e+02
1.244000000000000057e+02 2.449182376013729368e+02
1.245999999999999943e+02 2.419691596395940962e+02
1.247999999999999972e+02 2.380199361458153930e+02
1.250000000000000000e+02 2.360705677707262566e+02
1.252000000000000028e+02 2.361210551610606672e+02
1.254000000000000057e+02 2.331713989596272825e+02
1.255999999999999943e+02 2.332215998053397925e+02
1.257999999999999972e+02 2.292716583332464779e+02
1.260000000000000000e+02 2.283215751745600244e+02
1.262000000000000028e+02 2.263713509566865696e+02
1.264000000000000057e+02 2.244209863032548924e+02
1.265999999999999943e+02 2.224704818341450334e+02
1.267999999999999972e+02 2.195198381655167736e+02
1.270000000000000000e+02 2.185690559098379708e+02
1.272000000000000028e+02 2.136181356759123275e+02
1.274000000000000057e+02 2.156670780689073013e+02
1.275999999999999943e+02 2.097158836903813324e+02
1.277999999999999972e+02 2.097645531383112711e+02
1.280000000000000000e+02 2.058130870071190941e+02
1.281999999999999886e+02 2.058614858876987910e+02
1.284000000000000057e+02 2.039097503674427116e+02
1.285999999999999943e+02 2.019578810302678846e+02
1.288000000000000114e+02 1.990058784566419092e+02
1.290000000000000000e+02 1.990537432236087625e+02
1.291999999999999886e+02 2.001014759048142935e+02
1.294000000000000057e+02 1.951490770705315754e+02
1.295999999999999943e+02 1.961965472876857746e+02
1.298000000000000114e+02 1.942438871198793038e+02
1.300000000000000000e+02 1.942910971274160943e+02
1.301999999999999886e+02 1.933381778673262374e+02
1.304000000000000057e+02 1.913851298933900864e+02
1.305999999999999943e+02 1.904319537561621303e+02
1.308000000000000114e+02 1.914786500029948684e+02
1.310000000000000000e+02 1.895252191780622297e+02
1.311999999999999886e+02 1.885716618223830494e+02
1.314000000000000057e+02 1.896179784738440048e+02
1.315999999999999943e+02 1.906641696672226942e+02
1.318000000000000114e+02 1.897102359342102318e+02
1.320000000000000000e+02 1.887561778034337863e+02
1.321999999999999886e+02 1.898019958004789487e+02
1.324000000000000057e+02 1.888476904479118161e+02
1.325999999999999943e+02 1.888932622653008764e+02
1.328000000000000114e+02 1.909387117692388074e+02
1.330000000000000000e+02 1.899840394733639073e+02
1.331999999999999886e+02 1.900292458883816664e+02
1.334000000000000057e+02 1.910743315220856289e+02
1.335999999999999943e+02 1.901192968793786520e+02
1.338000000000000114e+02 1.931641424622934835e+02
1.340000000000000000e+02 1.902088687700135381e+02
1.341999999999999886e+02 1.902534762988933039e+02
1.344000000000000057e+02 1.912979655424784937e+02
1.345999999999999943e+02 1.913423369915262811e+02
1.348000000000000114e+02 1.913865911340251103e+02
1.350000000000000000e+02 1.924307284552145063e+02
1.351999999999999886e+02 1.914747494376045722e+02
1.354000000000000057e+02 1.925186545609954578e+02
1.355999999999999943e+02 1.935624443024965444e+02
1.358000000000000114e+02 1.946061191365456011e+02
1.360000000000000000e+02 1.926496795349275430e+02
1.361999999999999886e+02 1.936931259667933034e+02
1.364000000000000057e+02 1.957364588986784213e+02
1.365999999999999943e+02 1.957796787945213168e+02
1.368000000000000114e+02 1.968227861156818506e+02
1.370000000000000000e+02 1.958657813209590586e+02
1.371999999999999886e+02 1.969086648666094845e+02
1.374000000000000057e+02 1.969514372063647158e+02
1.375999999999999943e+02 1.949940987914491757e+02
1.378000000000000114e+02 1.970366500705976307e+02
1.380000000000000000e+02 1.970790914900724999e+02
1.381999999999999886e+02 1.971214234936811067e+02
1.384000000000000057e+02 1.951636465227927033e+02
1.385999999999999943e+02 1.972057610163554955e+02
1.388000000000000114e+02 1.952477674109132977e+02
1.390000000000000000e+02 1.962896661406223018e+02
1.391999999999999886e+02 1.943314576372675049e+02
1.394000000000000057e+02 1.963731423302790802e+02
1.395999999999999943e+02 1.944147206467486342e+02
1.398000000000000114e+02 1.944561930114452935e+02
1.400000000000000000e+02 1.964975598468316775e+02
1.401999999999999886e+02 1.925388215730797299e+02
1.404000000000000057e+02 1.935799786080863782e+02
1.405999999999999943e+02 1.926210313674890813e+02
1.408000000000000114e+02 1.946619802646814037e+02
1.410000000000000000e+02 1.937028257108282219e+02
1.411999999999999886e+02 1.927435681148808726e+02
1.414000000000000057e+02 1.927842078835923019e+02
1.415999999999999943e+02 1.908247454215319863e+02
1.418000000000000114e+02 1.928651811311007123e+02
1.420000000000000000e+02 1.919055154125452418e+02
1.421999999999999886e+02 1.929457486639730064e+02
1.424000000000000057e+02 1.909858812813664315e+02
1.425999999999999943e+02 1.920259136585973465e+02
1.428000000000000114e+02 1.920658461874411671e+02
1.430000000000000000e+02 1.901056792575910208e+02
1.431999999999999886e+02 1.901454132566717021e+02
1.434000000000000057e+02 1.911850485702536275e+02
1.435999999999999943e+02 1.912245855818664779e+02
1.438000000000000114e+02 1.892640246730129547e+02
1.440000000000000000e+02 1.893033662231822234e+02
1.441999999999999886e+02 1.893426106098634705e+02
1.444000000000000057e+02 1.893817582085591766e+02
1.445999999999999943e+02 1.874208093927981622e+02
1.448000000000000114e+02 1.884597645341490306e+02
1.450000000000000000e+02 1.864986240022328161e+02
1.451999999999999886e+02 1.885373881647362282e+02
1.454000000000000057e+02 1.865760573874241572e+02
1.455999999999999943e+02 1.866146320341525211e+02
1.458000000000000114e+02 1.836531124668808559e+02
1.460000000000000000e+02 1.866914990456847079e+02
1.461999999999999886e+02 1.827297921287681675e+02
1.464000000000000057e+02 1.847679920724760905e+02
1.465999999999999943e+02 1.838060992313062343e+02
1.468000000000000114e+02 1.838441139579215360e+02
1.470000000000000000e+02 1.828820366031618505e+02
1.471999999999999886e+02 1.829198675160561720e+02
1.474000000000000057e+02 1.809576070438342299e+02
1.475999999999999943e+02 1.829952555319381986e+02
1.478000000000000114e+02 1.820328133240345778e+02
1.480000000000000000e+02 1.800702807620253907e+02
1.481999999999999886e+02 1.811076581860598651e+02
1.484000000000000057e+02 1.821449459345457740e+02
1.485999999999999943e+02 1.791821443441605766e+02
1.488000000000000114e+02 1.802192537498627303e+02
1.490000000000000000e+02 1.812562744849027467e+02
1.491999999999999886e+02 1.792932068808341626e+02
1.494000000000000057e+02 1.793300512675244818e+02
1.495999999999999943e+02 1.783668079731660612e+02
1.498000000000000114e+02 1.804034773242867686e+02
1.500000000000000000e+02 1.784400596457607264e+02
1.501999999999999886e+02 1.794765552608189410e+02
1.504000000000000057e+02 1.755129644910596198e+02
1.505999999999999943e+02 1.785492876564588585e+02
1.508000000000000114e+02 1.765855250753807582e+02
1.510000000000000000e+02 1.786216770645877432e+02
1.511999999999999886e+02 1.766577439392509064e+02
1.514000000000000057e+02 1.776937260129599281e+02
1.515999999999999943e+02 1.777296235977331094e+02
1.518000000000000114e+02 1.737654370040274614e+02
1.520000000000000000e+02 1.768011665407484543e+02
1.521999999999999886e+02 1.758368125152599077e+02
1.524000000000000057e+02 1.758723752333936545e+02
1.525999999999999943e+02 1.749078549994591754e+02
1.528000000000000114e+02 1.749432521162532623e+02
1.530000000000000000e+02 1.759785668850694833e+02
1.531999999999999886e+02 1.740137996057075611e+02
1.534000000000000057e+02 1.730489505764828095e+02
1.535999999999999943e+02 1.760840200942353704e+02
1.538000000000000114e+02 1.731190084543395358e+02
1.540000000000000000e+02 1.741539159507127295e+02
1.541999999999999886e+02 1.741887428758247154e+02
1.544000000000000057e+02 1.742234895207066074e+02
1.545999999999999943e+02 1.732581561749597654e+02
1.548000000000000114e+02 1.742927431267646625e+02
1.550000000000000000e+02 1.713272506628897531e+02
1.551999999999999886e+02 1.733616790687002549e+02
1.554000000000000057e+02 1.743960286281666185e+02
1.555999999999999943e+02 1.714302996238734522e+02
1.558000000000000114e+02 1.734644923370278207e+02
1.560000000000000000e+02 1.714986070474678286e+02
1.561999999999999886e+02 1.745326440336710618e+02
1.564000000000000057e+02 1.705666035727629435e+02
1.565999999999999943e+02 1.736004859405250045e+02
1.568000000000000114e+02 1.716342914114030691e+02
1.570000000000000000e+02 1.706680202585156394e+02
1.571999999999999886e+02 1.727016727536617395e+02
1.574000000000000057e+02 1.717352491673291297e+02
1.575999999999999943e+02 1.717687497687023495e+02
1.578000000000000114e+02 1.708021748256704768e+02
1.580000000000000000e+02 1.698355246048352001e+02
1.581999999999999886e+02 1.708687993715184916e+02
1.584000000000000057e+02 1.709019993897704524e+02
1.585999999999999943e+02 1.689351249223770139e+02
1.588000000000000114e+02 1.719681762308675843e+02
1.590000000000000000e+02 1.690011535755225509e+02
1.591999999999999886e+02 1.710340572153810399e+02
1.594000000000000057e+02 1.700668874082481352e+02
1.595999999999999943e+02 1.690996444107024956e+02
1.598000000000000114e+02 1.691323284781036875e+02
1.600000000000000000e+02 1.691649398645994324e+02
1.601999999999999886e+02 1.691974788231329967e+02
1.604000000000000057e+02 1.672299456054503537e+02
1.605999999999999943e+02 1.682623404621072325e+02
1.608000000000000114e+02 1.682946636424764506e+02
1.610000000000000000e+02 1.683269153947548489e+02
1.611999999999999886e+02 1.683590959659702264e+02
1.614000000000000057e+02 1.663912056019885313e+02
1.615999999999999943e+02 1.664232445475204827e+02
1.618000000000000114e+02 1.664552130461286765e+02
1.620000000000000000e+02 1.664871113402342644e+02
1.621999999999999886e+02 1.655189396711237464e+02
1.624000000000000057e+02 1.655506982789556787e+02
1.625999999999999943e+02 1.655823874027673241e+02
1.628000000000000114e+02 1.646140072804813599e+02
1.630000000000000000e+02 1.656455581489122721e+02
1.631999999999999886e+02 1.636770402437731207e+02
1.634000000000000057e+02 1.647084537996817630e+02
1.635999999999999943e+02 1.627397990501674485e+02
1.638000000000000114e+02 1.647710762276772130e+02
1.640000000000000000e+02 1.628022855635820747e+02
1.641999999999999886e+02 1.618334272881834863e+02
1.644000000000000057e+02 1.618645016307195021e+02
1.645999999999999943e+02 1.628955088193710026e+02
1.648000000000000114e+02 1.639264490812678616e+02
1.650000000000000000e+02 1.599573226424950576e+02
1.651999999999999886e+02 1.599881297280987553e+02
1.654000000000000057e+02 1.630188705620923599e+02
1.655999999999999943e+02 1.600495453674624855e+02
1.658000000000000114e+02 1.610801543661748951e+02
1.660000000000000000e+02 1.611106977791804411e+02
1.661999999999999886e+02 1.591411758264208913e+02
1.664000000000000057e+02 1.601715887268347842e+02
1.665999999999999943e+02 1.592019366983632267e+02
1.668000000000000114e+02 1.602322199579555786e+02
1.670000000000000000e+02 1.592624387215752506e+02
1.671999999999999886e+02 1.592925932042052466e+02
1.674000000000000057e+02 1.593226836198539331e+02
1.675999999999999943e+02 1.583527101815604965e+02
1.678000000000000114e+02 1.573826731014005986e+02
1.680000000000000000e+02 1.594125725904917203e+02
1.681999999999999886e+02 1.584424088589989026e+02
1.684000000000000057e+02 1.564721821161399191e+02
1.685999999999999943e+02 1.575018925701908188e+02
1.688000000000000114e+02 1.585315404284912404e+02
1.690000000000000000e+02 1.565611258974496991e+02
1.691999999999999886e+02 1.575906491825489297e+02
1.694000000000000057e+02 1.566201104883512016e+02
1.695999999999999943e+02 1.576495100185033209e+02
1.698000000000000114e+02 1.556788479757420021e+02
1.700000000000000000e+02 1.567081245618989556e+02
1.701999999999999886e+02 1.577373399779059184e+02
1.704000000000000057e+02 1.557664944237998839e+02
1.705999999999999943e+02 1.567955880987279613e+02
1.708000000000000114e+02 1.548246212009525493e+02
1.710000000000000000e+02 1.558535939278561386e+02
1.711999999999999886e+02 1.568825064759463714e+02
1.714000000000000057e+02 1.549113590408609298e+02
1.715999999999999943e+02 1.559401518173723389e+02
1.718000000000000114e+02 1.539688849993928841e+02
1.720000000000000000e+02 1.549975587799793288e+02
1.721999999999999886e+02 1.550261733513377180e+02
1.724000000000000057e+02 1.540547289048282096e+02
1.725999999999999943e+02 1.530832256309696220e+02
1.728000000000000114e+02 1.541116637194442660e+02
1.730000000000000000e+02 1.541400433591024353e+02
1.731999999999999886e+02 1.531683647379671243e+02
1.734000000000000057e+02 1.541966280432386327e+02
1.735999999999999943e+02 1.522248334612989709e+02
1.738000000000000114e+02 1.552529811777166060e+02
1.740000000000000000e+02 1.522810713772506688e+02
1.741999999999999886e+02 1.533091042438557281e+02
1.744000000000000057e+02 1.523370799606859407e+02
1.745999999999999943e+02 1.523649987100995986e+02
1.748000000000000114e+02 1.533928606736635629e+02
1.750000000000000000e+02 1.514206660321574134e+02
1.751999999999999886e+02 1.524484149655779390e+02
1.754000000000000057e+02 1.514761076531433446e+02
1.755999999999999943e+02 1.515037442732974853e+02
1.758000000000000114e+02 1.515313250037141870e+02
1.760000000000000000e+02 1.515588500213013390e+02
1.761999999999999886e+02 1.515863195022051855e+02
1.764000000000000057e+02 1.506137336218143332e+02
1.765999999999999943e+02 1.516410925547640147e+02
1.768000000000000114e+02 1.486683964749400388e+02
1.770000000000000000e+02 1.516956455554829972e+02
1.771999999999999886e+02 1.497228399687921865e+02
1.774000000000000057e+02 1.507499798865297294e+02
1.775999999999999943e+02 -3.112293452037562957e+01
1.778000000000000114e+02 -3.109590308172429829e+01
1.780000000000000000e+02 -3.106892562804210911e+01
1.781999999999999886e+02 -3.104200199057634180e+01
1.784000000000000057e+02 -3.101513200129182124e+01
1.785999999999999943e+02 -3.098831549286709830e+01
1.788000000000000114e+02 -3.096155229869058800e+01
1.790000000000000000e+02 -3.093484225285678946e+01
1.791999999999999886e+02 -3.090818519016245958e+01
1.794000000000000057e+02 -3.088158094610291116e+01
1.795999999999999943e+02 -3.085502935686822923e+01
1.798000000000000114e+02 -3.082853025933958691e+01
1.800000000000000000e+02 -3.080208349108557186e+01
1.801999999999999886e+02 -3.077568889035847377e+01
1.804000000000000057e+02 -3.074934629609070313e+01
1.805999999999999943e+02 -3.072305554789113202e+01
1.808000000000000114e+02 -3.069681648604154134e+01
1.810000000000000000e+02 -3.067062895149301482e+01
1.811999999999999886e+02 -3.064449278586241832e+01
1.814000000000000057e+02 -3.061840783142886124e+01
