# energy (eV)  EELS (a.u)
2.600000000000000089e+00 2.721511361175817001e+01
2.799999000000000127e+00 9.909818469696801913e+00
3.000000000000000000e+00 -2.686020899516552163e+01
3.200000999999999873e+00 -3.197249629479529176e+01
3.399999999999999911e+00 -6.016719442969133524e+00
3.600000000000000089e+00 3.853280633883969131e+01
3.799999000000000127e+00 8.060342924602855419e+01
4.000000000000000000e+00 1.310011816144190107e+02
4.200001000000000317e+00 1.796692909729587200e+02
4.400000000000000355e+00 2.293852800289407696e+02
4.599999999999999645e+00 2.771658254139629207e+02
4.799998999999999683e+00 3.205100270544269279e+02
5.000000000000000000e+00 3.645583741810645506e+02
5.200001000000000317e+00 3.981929126459100416e+02
5.400000000000000355e+00 4.311077615750249379e+02
5.599999999999999645e+00 4.618576765310775727e+02
5.799998999999999683e+00 4.898903224402441765e+02
6.000000000000000000e+00 5.115722675590545805e+02
6.200001000000000317e+00 5.382056106334023298e+02
6.400000000000000355e+00 5.600421448513236555e+02
6.599999999999999645e+00 5.832939497838068519e+02
6.799998999999999683e+00 6.041401309234022392e+02
7.000000000000000000e+00 6.287338262998903247e+02
7.200001000000000317e+00 6.502060427506639826e+02
7.400000000000000355e+00 6.766698859526484284e+02
7.599999999999999645e+00 7.002238686322064041e+02
7.799998999999999683e+00 7.269535962357778089e+02
8.000000000000000000e+00 7.539344048336565720e+02
8.200001000000000317e+00 7.842323231084119470e+02
8.400000000000000355e+00 8.029057314904907798e+02
8.599999999999999645e+00 8.370066929285758306e+02
8.800000999999999962e+00 8.545814212108391530e+02
9.000002000000000280e+00 8.706711724018380210e+02
9.199999000000000038e+00 8.853128126337994672e+02
9.400000000000000355e+00 8.925399916208313016e+02
9.599999999999999645e+00 8.963825302308496248e+02
9.800000999999999962e+00 8.938676694342013889e+02
1.000000000000000000e+01 8.840199265449147106e+02
1.019999999999999929e+01 8.758617945640298785e+02
1.040000000000000036e+01 8.664136283809936003e+02
1.059999999999999964e+01 8.546940462027740750e+02
1.080000000000000071e+01 8.487200832254893612e+02
1.100000000000000000e+01 8.455073577708553785e+02
1.119999999999999929e+01 8.430702168174889266e+02
1.140000000000000036e+01 8.444218638592894877e+02
1.159999999999999964e+01 8.515744715544369683e+02
1.180000000000000071e+01 8.575392812426696310e+02
1.200000000000000000e+01 8.623266910894591319e+02
1.219999999999999929e+01 8.699463343508418802e+02
1.240000000000000036e+01 8.764071490319633995e+02
1.259999999999999964e+01 8.937174400277700670e+02
1.280000000000000071e+01 8.968849346793210771e+02
1.300000000000000000e+01 9.079168325486645017e+02
1.319999999999999929e+01 9.178198501049183733e+02
1.340000000000000036e+01 9.306002609206934721e+02
1.359999999999999964e+01 9.422639318984772672e+02
1.380000000000000071e+01 9.598163559787983559e+02
1.400000000000000000e+01 9.712626817239903403e+02
1.419999999999999929e+01 9.906077401216497265e+02
1.440000000000000036e+01 1.008856068909116289e+03
1.459999999999999964e+01 1.024011934683444451e+03
1.480000000000000071e+01 1.044079353029480671e+03
1.500000000000000000e+01 1.064062106871069091e+03
1.519999999999999929e+01 1.083963763226453466e+03
1.540000000000000036e+01 1.108787688528094577e+03
1.559999999999999964e+01 1.122537062648948904e+03
1.580000000000000071e+01 1.152214891761365834e+03
1.600000000000000000e+01 1.167824020140854145e+03
1.619999999999999929e+01 1.191367141014760819e+03
1.639999999999999858e+01 1.214846806545180925e+03
1.660000000000000142e+01 1.233265437025967458e+03
1.680000000000000071e+01 1.250625329365374000e+03
1.700000000000000000e+01 1.273928664918497589e+03
1.719999999999999929e+01 1.287177516727163720e+03
1.739999999999999858e+01 1.303373856219111303e+03
1.760000000000000142e+01 1.320519559413201023e+03
1.780000000000000071e+01 1.327616412672794013e+03
1.800000000000000000e+01 1.333666118045378653e+03
1.819999999999999929e+01 1.343670298222886231e+03
1.839999999999999858e+01 1.346630501153893874e+03
1.860000000000000142e+01 1.345548204335995024e+03
1.880000000000000071e+01 1.342424818814029777e+03
1.900000000000000000e+01 1.339261692907512725e+03
1.919999999999999929e+01 1.333060115688509086e+03
1.939999999999999858e+01 1.324821320229312050e+03
1.960000000000000142e+01 1.315546486637578482e+03
1.980000000000000071e+01 1.303236744895037191e+03
2.000000000000000000e+01 1.290893177514508125e+03
2.019999999999999929e+01 1.272516822028705974e+03
2.039999999999999858e+01 1.263108673323178436e+03
2.060000000000000142e+01 1.243669685824691442e+03
2.080000000000000071e+01 1.225200775555450264e+03
2.100000000000000000e+01 1.207702822062693258e+03
2.119999999999999929e+01 1.190176670232426659e+03
2.139999999999999858e+01 1.167623131995369704e+03
2.160000000000000142e+01 1.150042987932540427e+03
2.180000000000000071e+01 1.127436988787332211e+03
2.200000000000000000e+01 1.110805856890398900e+03
2.219999999999999929e+01 1.084150287503183108e+03
2.239999999999999858e+01 1.065470950085476488e+03
2.260000000000000142e+01 1.044768489492000526e+03
2.280000000000000071e+01 1.025043527102616963e+03
2.300000000000000000e+01 1.000296661890444511e+03
2.319999999999999929e+01 9.815284714318407850e+02
2.339999999999999858e+01 9.617395128619215257e+02
2.360000000000000142e+01 9.439303237790297771e+02
2.380000000000000071e+01 9.271014231013201652e+02
2.400000000000000000e+01 9.182533118784024282e+02
2.419999999999999929e+01 8.943864740607832573e+02
2.439999999999999858e+01 8.815013772296542811e+02
2.460000000000000142e+01 8.625984732894005447e+02
2.480000000000000071e+01 8.456781991250410329e+02
2.500000000000000000e+01 8.317409772266641994e+02
2.519999999999999929e+01 8.197872162827846978e+02
2.539999999999999858e+01 8.068173117444173386e+02
2.560000000000000142e+01 7.938316463615475413e+02
2.580000000000000071e+01 7.858305906935682970e+02
2.600000000000000000e+01 7.748145035951528143e+02
2.619999999999999929e+01 7.627837326789349390e+02
2.639999999999999858e+01 7.587386147562847327e+02
2.660000000000000142e+01 7.556794762573856588e+02
2.680000000000000071e+01 7.556066336317420564e+02
2.700000000000000000e+01 7.565203937301765791e+02
2.719999999999999929e+01 7.544210541693138339e+02
2.739999999999999858e+01 7.513089036794815456e+02
2.760000000000000142e+01 7.471842224369083851e+02
2.780000000000000071e+01 7.440472823810420095e+02
2.800000000000000000e+01 7.408983475177611808e+02
2.819999999999999929e+01 7.427376742092135373e+02
2.839999999999999858e+01 7.515655114509631858e+02
2.860000000000000142e+01 7.663821011370952192e+02
2.880000000000000071e+01 7.911876783138854989e+02
2.900000000000000000e+01 8.019824714226099331e+02
2.919999999999999929e+01 8.077667025320331504e+02
2.939999999999999858e+01 7.975405875610882731e+02
2.960000000000000142e+01 7.803043364922282308e+02
2.980000000000000071e+01 7.590581535759031340e+02
3.000000000000000000e+01 7.308022375265941264e+02
3.019999999999999929e+01 7.055367817108092368e+02
3.039999999999999858e+01 6.772619743274228767e+02
3.060000000000000142e+01 6.549779985807255116e+02
3.080000000000000071e+01 6.346850328465218354e+02
3.100000000000000000e+01 6.143832508316071426e+02
3.119999999999999929e+01 5.940728217269255538e+02
3.139999999999999858e+01 5.797539103547027253e+02
3.160000000000000142e+01 5.594266773098297563e+02
3.180000000000000071e+01 5.460912790957582956e+02
3.200000000000000000e+01 5.287478682551559359e+02
3.220000000000000284e+01 5.143965934955565444e+02
3.239999999999999858e+01 5.030375998102293238e+02
3.260000000000000142e+01 4.936710285944773204e+02
3.279999999999999716e+01 4.792970177575678008e+02
3.300000000000000000e+01 4.719157018304853182e+02
3.320000000000000284e+01 4.655272120696877778e+02
3.339999999999999858e+01 4.571316765570398957e+02
3.360000000000000142e+01 4.507292202960868508e+02
3.379999999999999716e+01 4.413199653048247342e+02
3.400000000000000000e+01 4.369040307051158152e+02
3.420000000000000284e+01 4.284815328088904494e+02
3.439999999999999858e+01 4.220525852012698920e+02
3.460000000000000142e+01 4.196172988207380854e+02
3.479999999999999716e+01 4.121757820364841791e+02
3.500000000000000000e+01 4.067281407230329933e+02
3.520000000000000284e+01 4.012744783322727926e+02
3.539999999999999858e+01 3.968148959629875208e+02
3.560000000000000142e+01 3.923494924279933116e+02
3.579999999999999716e+01 3.898783643189756845e+02
3.600000000000000000e+01 3.844016060691192251e+02
3.620000000000000284e+01 3.819193100136173484e+02
3.639999999999999858e+01 3.784315664481454178e+02
3.660000000000000142e+01 3.789384636853775987e+02
3.679999999999999716e+01 3.734400881096234457e+02
3.700000000000000000e+01 3.719365242296567544e+02
3.720000000000000284e+01 3.724278547298071658e+02
3.739999999999999858e+01 3.649141605193802889e+02
3.760000000000000142e+01 3.663955207804706902e+02
3.779999999999999716e+01 3.608720130142281164e+02
3.800000000000000000e+01 3.623437130856358408e+02
3.820000000000000284e+01 3.598106952668563281e+02
3.839999999999999858e+01 3.552730322791979916e+02
3.860000000000000142e+01 3.547307953337539743e+02
3.879999999999999716e+01 3.541840541707622947e+02
3.900000000000000000e+01 3.526328770977337399e+02
3.920000000000000284e+01 3.510773310263926419e+02
3.939999999999999858e+01 3.485174815084739635e+02
3.960000000000000142e+01 3.489533927704175653e+02
3.979999999999999716e+01 3.433851277469991601e+02
4.000000000000000000e+01 3.438127481139366637e+02
4.020000000000000284e+01 3.452363143195071871e+02
4.039999999999999858e+01 3.436558856152111048e+02
4.060000999999999749e+01 3.400715407697667274e+02
4.079999999999999716e+01 3.414832746767071967e+02
4.100000000000000000e+01 3.408912052248964528e+02
4.120000000000000284e+01 3.392953664831824199e+02
4.139999999999999858e+01 3.366958121480275281e+02
4.160000999999999749e+01 3.380926146332820963e+02
4.179999999999999716e+01 3.374857663529181764e+02
4.200000000000000000e+01 3.398753772294072633e+02
4.220000000000000284e+01 3.352614772329176276e+02
4.239999999999999858e+01 3.366441151462032622e+02
4.260000999999999749e+01 3.340233577149085704e+02
4.279999999999999716e+01 3.333991952860009746e+02
4.300000000000000000e+01 3.317717305947678597e+02
4.320000000000000284e+01 3.311409900189969449e+02
4.339999999999999858e+01 3.315070179817604981e+02
4.360000999999999749e+01 3.298698761570040574e+02
4.379999999999999716e+01 3.282295531730804896e+02
4.400000000000000000e+01 3.295861452611044342e+02
4.420000000000000284e+01 3.269396756423631132e+02
4.439999999999999858e+01 3.272901848605789041e+02
4.460000999999999749e+01 3.256377300380838733e+02
4.479999999999999716e+01 3.289822983794960010e+02
4.500000000000000000e+01 3.253239802126282143e+02
4.520000000000000284e+01 3.236627959787469422e+02
4.539999999999999858e+01 3.239987827600903074e+02
4.560000999999999749e+01 3.263319935824142135e+02
4.579999999999999716e+01 3.236624144767019970e+02
4.600000000000000000e+01 3.249901303979062845e+02
4.620000000000000284e+01 3.243151593334550284e+02
4.639999999999999858e+01 3.216375352688115754e+02
4.660000999999999749e+01 3.209573075326064782e+02
4.679999999999999716e+01 3.242744611946911277e+02
4.700000000000000000e+01 3.205890763069753575e+02
4.720000000000000284e+01 3.219011686864830608e+02
4.739999999999999858e+01 3.202107695412102544e+02
4.760000999999999749e+01 3.215179248544319535e+02
4.779999999999999716e+01 3.198226189157068688e+02
4.800000000000000000e+01 3.181249272913368600e+02
4.820000000000000284e+01 3.214248638749201064e+02
4.839999999999999858e+01 3.197224573773744396e+02
4.860000999999999749e+01 3.210177507473414380e+02
4.879999999999999716e+01 3.203107276481831605e+02
4.900000000000000000e+01 3.196014595326047925e+02
4.920000000000000284e+01 3.188899585865623862e+02
4.939999999999999858e+01 3.181762512708100985e+02
4.960000999999999749e+01 3.204603777746202127e+02
4.979999999999999716e+01 3.187423212666038808e+02
5.000000000000000000e+01 3.170221494183568893e+02
5.020000000000000284e+01 3.212998728971991795e+02
5.039999999999999858e+01 3.145755161317501347e+02
5.060000999999999749e+01 3.178491167964444912e+02
5.079999999999999716e+01 3.181206576773574284e+02
5.100000000000000000e+01 3.153902029629576873e+02
5.120000000000000284e+01 3.166577619678797646e+02
5.139999999999999858e+01 3.129233572816329456e+02
5.160000999999999749e+01 3.141870242816261793e+02
5.179999999999999716e+01 3.144487454672465674e+02
5.200000000000000000e+01 3.147085818115999132e+02
5.220000000000000284e+01 3.129665414226777216e+02
5.239999999999999858e+01 3.112226452221950126e+02
5.260000999999999749e+01 3.094769264850444870e+02
5.279999999999999716e+01 3.097293675058120925e+02
5.300000000000000000e+01 3.099800262834606883e+02
5.320000000000000284e+01 3.072289098481438145e+02
5.339999999999999858e+01 3.064760376061946658e+02
5.360000999999999749e+01 3.077214409041187650e+02
5.379999999999999716e+01 3.029651019016549753e+02
5.400000000000000000e+01 3.072070758414591864e+02
5.420000000000000284e+01 3.014473687896852425e+02
5.439999999999999858e+01 3.016859987731937167e+02
5.460000999999999749e+01 2.999229953663557353e+02
5.479999999999999716e+01 3.011583406537983478e+02
5.500000000000000000e+01 2.973920873190483007e+02
5.520000000000000284e+01 2.966242405650715455e+02
5.539999999999999858e+01 2.958548171607167205e+02
5.560000999999999749e+01 2.930838450487525506e+02
5.579999999999999716e+01 2.933113062896634347e+02
5.600000000000000000e+01 2.925372511867249159e+02
5.620000000000000284e+01 2.887616841691617537e+02
5.639999999999999858e+01 2.879846208565901406e+02
5.660000999999999749e+01 2.872060876868470700e+02
5.679999999999999716e+01 2.864260667397101088e+02
5.700000000000000000e+01 2.856446061008311403e+02
5.720000000000000284e+01 2.838617095051994283e+02
5.739999999999999858e+01 2.850773915208220046e+02
5.760000999999999749e+01 2.832916771950214070e+02
5.779999999999999716e+01 2.795045486638229022e+02
5.800000000000000000e+01 2.817160519434129924e+02
5.820000000000000284e+01 2.779261901453388077e+02
5.839999999999999858e+01 2.801349768737819090e+02
5.860000999999999749e+01 2.773424358891114139e+02
5.879999999999999716e+01 2.775485494149683063e+02
5.900000000000000000e+01 2.747533615333210832e+02
5.920000000000000284e+01 2.719568747954140235e+02
5.939999999999999858e+01 2.711591019206899773e+02
5.960000999999999749e+01 2.733600654764831575e+02
5.979999999999999716e+01 2.705597478006005190e+02
6.000000000000000000e+01 2.667581911644894603e+02
6.020000000000000284e+01 2.679553976154940642e+02
6.039999999999999858e+01 2.651513790597006732e+02
6.060000999999999749e+01 2.643461569567451193e+02
6.079999999999999716e+01 2.625397137809883930e+02
6.100000000000000000e+01 2.617320901067004115e+02
6.120000000000000284e+01 2.619232875277852486e+02
6.139999999999999858e+01 2.581133172015161108e+02
6.160000999999999749e+01 2.593021995575102210e+02
6.179999999999999716e+01 2.554899172254742439e+02
6.200000000000000000e+01 2.546765091865422050e+02
6.220000000000000284e+01 2.538619766263872748e+02
6.239999999999999858e+01 2.530463300119286885e+02
6.260000999999999749e+01 2.512295888136016515e+02
6.279999999999999716e+01 2.494117358321384472e+02
6.300000000000000000e+01 2.475928085512043708e+02
6.320000000000000284e+01 2.477728077888022540e+02
6.339999999999999858e+01 2.469517433745338053e+02
6.360000999999999749e+01 2.441296338843586682e+02
6.379999999999999716e+01 2.423064623030217035e+02
6.400000000000000000e+01 2.454822647048327440e+02
6.420000000000000284e+01 2.436570415765615962e+02
6.440000000000000568e+01 2.398308021586865380e+02
6.460000999999999749e+01 2.400035641918964302e+02
6.479999999999999716e+01 2.401753108556039820e+02
6.500000000000000000e+01 2.383460768960494534e+02
6.520000000000000284e+01 2.365158625015437792e+02
6.540000000000000568e+01 2.366846763673034388e+02
6.560000999999999749e+01 2.348525354530049469e+02
6.579999999999999716e+01 2.330194231413642569e+02
6.600000000000000000e+01 2.351853729256556278e+02
6.620000000000000284e+01 2.333503847252456751e+02
6.640000000000000568e+01 2.305144667300679089e+02
6.660000999999999749e+01 2.286776351685886084e+02
6.679999999999999716e+01 2.298398736337132959e+02
6.700000000000000000e+01 2.310012144352456289e+02
6.720000000000000284e+01 2.291616572502171607e+02
6.740000000000000568e+01 2.253212097997708270e+02
6.760000999999999749e+01 2.264798876269437358e+02
6.779999999999999716e+01 2.246376745402024824e+02
6.800000000000000000e+01 2.247946017302790551e+02
6.820000000000000284e+01 2.229506686558858348e+02
6.840000000000000568e+01 2.231058826027322652e+02
6.860000999999999749e+01 2.202602584705724098e+02
6.879999999999999716e+01 2.194137802874939212e+02
6.900000000000000000e+01 2.215664781849170879e+02
6.920000000000000284e+01 2.167183514249323366e+02
6.940000000000000568e+01 2.178694068883486068e+02
6.960000999999999749e+01 2.160196588704916394e+02
6.979999999999999716e+01 2.141690916219954488e+02
7.000000000000000000e+01 2.143177342704988178e+02
7.020000000000000284e+01 2.134655859010917425e+02
7.040000000000000568e+01 2.116126530176677818e+02
7.060000999999999749e+01 2.097589493469938589e+02
7.079999999999999716e+01 2.079044593641947927e+02
7.100000000000000000e+01 2.060492112447953161e+02
7.120000000000000284e+01 2.051932039146459488e+02
7.140000000000000568e+01 2.073364435264072654e+02
7.160000999999999749e+01 2.044789432714455302e+02
7.179999999999999716e+01 2.016206878504738143e+02
7.200000000000000000e+01 2.017617045350373246e+02
7.220000000000000284e+01 2.009019921078376001e+02
7.240000000000000568e+01 1.990415563939012316e+02
7.260000999999999749e+01 1.981804100798850072e+02
7.279999999999999716e+01 1.973185380924576862e+02
7.300000000000000000e+01 1.974559668440831786e+02
7.320000000000000284e+01 1.935926949889030766e+02
7.340000000000000568e+01 1.937287280460209615e+02
7.360000999999999749e+01 1.908640782258277397e+02
7.379999999999999716e+01 1.919987306806868332e+02
7.400000000000000000e+01 1.901327110059103518e+02
7.420000000000000284e+01 1.902660177403181194e+02
7.440000000000000568e+01 1.873986561170879668e+02
7.460000999999999749e+01 1.855306378967378009e+02
7.479999999999999716e+01 1.846619484565251241e+02
7.500000000000000000e+01 1.827926126138128211e+02
7.520000000000000284e+01 1.849226288041195971e+02
7.540000000000000568e+01 1.800520019931376510e+02
7.560000999999999749e+01 1.841807435160311854e+02
7.579999999999999716e+01 1.773088389736892907e+02
7.600000000000000000e+01 1.814363124422192755e+02
7.620000000000000284e+01 1.745631622647616723e+02
7.640000000000000568e+01 1.756893931565460321e+02
7.660000999999999749e+01 1.768150160501876940e+02
7.679999999999999716e+01 1.729400167685508336e+02
7.700000000000000000e+01 1.750644186808703466e+02
7.720000000000000284e+01 1.711882200478396499e+02
7.740000000000000568e+01 1.713114253499577160e+02
7.760000999999999749e+01 1.704340451385253346e+02
7.779999999999999716e+01 1.685560654563903995e+02
7.800000000000000000e+01 1.676775089981672124e+02
7.820000000000000284e+01 1.687983739511369379e+02
7.840000000000000568e+01 1.659186645756223299e+02
7.860000999999999749e+01 1.660383910614030185e+02
7.879999999999999716e+01 1.651575396690362822e+02
7.900000000000000000e+01 1.612761324487996433e+02
7.920000000000000284e+01 1.633941675227858354e+02
7.940000000000000568e+01 1.605116489446197647e+02
7.960000999999999749e+01 1.636285865610300334e+02
7.979999999999999716e+01 1.587449668477714226e+02
8.000000000000000000e+01 1.568608112392488181e+02
8.020000000000000284e+01 1.609761177998555013e+02
8.040000000000000568e+01 1.560908903890132819e+02
8.060000999999999749e+01 1.592051385276529061e+02
8.079999999999999716e+01 1.533188489040165905e+02
8.100000000000000000e+01 1.574320423634163149e+02
8.120000000000000284e+01 1.525447169193689376e+02
8.140000000000000568e+01 1.536568762486871265e+02
8.160000999999999749e+01 1.517685295626363882e+02
8.179999999999999716e+01 1.528796637590731393e+02
8.200000000000000000e+01 1.479902991194350932e+02
8.220000000000000284e+01 1.511004336125810710e+02
8.240000000000000568e+01 1.452100707434830724e+02
8.260000999999999749e+01 1.473192194288411656e+02
8.279999999999999716e+01 1.474278667731196606e+02
8.300000000000000000e+01 1.445360325176522451e+02
8.320000000000000284e+01 1.446437145923090384e+02
8.340000000000000568e+01 1.427509163402324646e+02
8.360000999999999749e+01 1.448576463977036610e+02
8.379999999999999716e+01 1.419638920726820288e+02
8.400000000000000000e+01 1.400696725888221295e+02
8.420000000000000284e+01 1.411749858421756869e+02
8.440000000000000568e+01 1.412798350233707367e+02
8.460000999999999749e+01 1.363842285015354889e+02
8.479999999999999716e+01 1.404881537849279880e+02
8.500000000000000000e+01 1.365916296006980133e+02
8.520000000000000284e+01 1.346946538157948794e+02
8.540000000000000568e+01 1.357972294770075905e+02
8.560000999999999749e+01 1.318993646987631791e+02
8.579999999999999716e+01 1.360010471863585622e+02
8.600000000000000000e+01 1.311022951904487570e+02
8.620000000000000284e+01 1.322031065531831757e+02
8.640000000000000568e+01 1.303034841855983927e+02
8.660000999999999749e+01 1.314034359591177008e+02
8.679999999999999716e+01 1.305029497727717001e+02
8.700000000000000000e+01 1.286020434196456961e+02
8.720000000000000284e+01 1.277007147210150322e+02
8.740000000000000568e+01 1.237989664597077422e+02
8.760000999999999749e+01 1.268968062751422963e+02
8.779999999999999716e+01 1.239942222567470083e+02
8.800000000000000000e+01 1.250912317579511353e+02
8.820000000000000284e+01 1.231878325827381104e+02
8.840000000000000568e+01 1.232840273927708239e+02
8.860000999999999749e+01 1.213798236058135558e+02
8.879999999999999716e+01 1.214752094983393675e+02
8.900000000000000000e+01 1.195702020010906210e+02
8.920000000000000284e+01 1.196647989040274211e+02
8.940000000000000568e+01 1.177590027542291296e+02
8.960000999999999749e+01 1.178528207575542552e+02
8.979999999999999716e+01 1.159462413741621418e+02
9.000000000000000000e+01 1.190392811281949719e+02
9.020000000000000284e+01 1.141319377985717551e+02
9.040000000000000568e+01 1.162242138239430176e+02
9.060000999999999749e+01 1.133161162074505057e+02
9.079999999999999716e+01 1.114076335895857568e+02
9.100000000000000000e+01 1.134987821031520241e+02
9.120000000000000284e+01 1.115895595187479898e+02
9.140000000000000568e+01 1.116799681723552027e+02
9.160000999999999749e+01 1.097700148730670833e+02
9.179999999999999716e+01 1.108596884383661632e+02
9.200000000000000000e+01 1.089490046242055996e+02
9.220000000000000284e+01 1.090379611953452610e+02
9.240000000000000568e+01 1.061265603904922159e+02
9.260000999999999749e+01 1.082148088328750646e+02
9.279999999999999716e+01 1.053026955136467251e+02
9.300000000000000000e+01 1.053902358256751768e+02
9.320000000000000284e+01 1.054774275301441548e+02
9.340000000000000568e+01 1.035642727735422000e+02
9.360000999999999749e+01 1.046507780009648343e+02
9.379999999999999716e+01 1.027369323739414853e+02
9.400000000000000000e+01 1.018227509353410483e+02
9.420000000000000284e+01 9.990823144483368878e+01
9.440000000000000568e+01 1.039933759614313402e+02
9.460000999999999749e+01 9.807819075940663822e+01
9.479999999999999716e+01 1.001626651674039579e+02
9.500000000000000000e+01 9.824681389074223148e+01
9.520000000000000284e+01 9.933063468945702823e+01
9.540000000000000568e+01 9.841412953953451392e+01
9.560000999999999749e+01 9.549730455134096019e+01
9.579999999999999716e+01 9.758014921741090575e+01
9.600000000000000000e+01 9.466267791736416370e+01
9.620000000000000284e+01 9.474488841331276490e+01
9.640000000000000568e+01 9.482678260239721624e+01
9.660000999999999749e+01 9.390836643762628455e+01
9.679999999999999716e+01 9.298962957224051706e+01
9.700000000000000000e+01 9.307058607144909956e+01
9.720000000000000284e+01 9.115123370099763633e+01
9.740000000000000568e+01 9.323157428310943828e+01
9.760000999999999749e+01 9.031161361964072398e+01
9.779999999999999716e+01 9.039134152139797607e+01
9.800000000000000000e+01 8.947077174993911797e+01
9.820000000000000284e+01 8.954990207605902697e+01
9.840000000000000568e+01 8.962873425075864020e+01
9.860000999999999749e+01 8.770727393062446708e+01
9.879999999999999716e+01 8.378551108093550681e+01
9.900000000000000000e+01 8.886345916985976601e+01
9.920000000000000284e+01 8.694111597452753415e+01
9.940000000000000568e+01 8.601848317819431600e+01
9.960000999999999749e+01 8.509556629775832448e+01
9.979999999999999716e+01 8.517235544992641394e+01
1.000000000000000000e+02 8.324886381926879153e+01
1.002000000000000028e+02 8.332508919041845274e+01
1.004000000000000057e+02 8.240103318215940931e+01
1.005999999999999943e+02 8.247669740075744471e+01
1.007999999999999972e+02 8.155208344008192967e+01
1.010000000000000000e+02 8.162719288172630172e+01
1.012000000000000028e+02 8.070202729512718065e+01
1.014000000000000057e+02 7.877658823768203433e+01
1.015999999999999943e+02 7.885087725486539512e+01
1.017999999999999972e+02 7.992489588034391090e+01
1.020000000000000000e+02 7.799864563608986145e+01
1.022000000000000028e+02 7.807212803249355204e+01
1.024000000000000057e+02 7.914534456847417232e+01
1.025999999999999943e+02 7.621829673158961782e+01
1.027999999999999972e+02 7.729098599814491877e+01
1.030000000000000000e+02 7.536341383329938992e+01
1.032000000000000028e+02 7.743558169117261514e+01
1.034000000000000057e+02 7.650749101494923821e+01
1.035999999999999943e+02 7.357914323698247472e+01
1.037999999999999972e+02 7.465053977889651549e+01
1.040000000000000000e+02 7.572168205168772204e+01
1.042000000000000028e+02 7.279257145582465682e+01
1.044000000000000057e+02 7.486320938134709024e+01
1.045999999999999943e+02 7.093359720796368606e+01
1.047999999999999972e+02 7.400373630514876311e+01
1.050000000000000000e+02 7.107362803223793435e+01
1.052000000000000028e+02 7.314327373852256642e+01
1.054000000000000057e+02 7.321267476334330127e+01
1.055999999999999943e+02 6.828183243618238407e+01
1.057999999999999972e+02 7.235074807675520958e+01
1.060000000000000000e+02 6.941942299510051839e+01
1.062000000000000028e+02 7.048785849166986850e+01
1.064000000000000057e+02 6.955605585741589891e+01
1.065999999999999943e+02 6.962401637387984010e+01
1.067999999999999972e+02 6.769174131327780231e+01
1.070000000000000000e+02 7.075923193858628224e+01
1.072000000000000028e+02 6.482648950362667506e+01
1.074000000000000057e+02 6.989351525314884839e+01
1.075999999999999943e+02 6.496031042291380686e+01
1.077999999999999972e+02 6.902687623977543296e+01
1.080000000000000000e+02 6.509321392176138943e+01
1.082000000000000028e+02 6.615932467815298423e+01
1.084000000000000057e+02 6.522520970956442454e+01
1.085999999999999943e+02 6.629087020802089114e+01
1.087999999999999972e+02 6.535630735703603023e+01
1.090000000000000000e+02 6.442152233168846465e+01
1.092000000000000028e+02 6.348651629869753066e+01
1.094000000000000057e+02 6.455129041649811938e+01
1.095999999999999943e+02 6.461584583531482906e+01
1.097999999999999972e+02 6.168018369723520777e+01
1.100000000000000000e+02 6.574430513628227857e+01
1.102000000000000028e+02 6.280821127848625451e+01
1.104000000000000057e+02 6.087190324195547220e+01
1.105999999999999943e+02 6.193538213694662176e+01
1.107999999999999972e+02 6.099864906593418112e+01
1.110000000000000000e+02 5.906170512367907577e+01
1.112000000000000028e+02 6.412455139729671316e+01
1.114000000000000057e+02 5.818718896632421433e+01
1.115999999999999943e+02 6.024961890278691357e+01
1.117999999999999972e+02 6.031184227126426123e+01
1.120000000000000000e+02 5.837386012895488818e+01
1.122000000000000028e+02 5.943567352574111595e+01
1.124000000000000057e+02 5.849728350425270662e+01
1.125999999999999943e+02 5.655869109992993771e+01
1.127999999999999972e+02 5.961989734108611572e+01
1.130000000000000000e+02 5.768090324896929388e+01
1.132000000000000028e+02 5.774170983782344280e+01
1.134000000000000057e+02 5.580231811494894600e+01
1.135999999999999943e+02 5.886272908076249166e+01
1.137999999999999972e+02 5.792294372885631759e+01
1.140000000000000000e+02 5.498296304605682394e+01
1.142000000000000028e+02 5.604278801248265296e+01
1.144000000000000057e+02 5.410241960160205821e+01
1.145999999999999943e+02 5.716185878028978351e+01
1.147999999999999972e+02 5.522110650888332373e+01
1.150000000000000000e+02 5.328016374123855314e+01
1.152000000000000028e+02 5.533903142478486359e+01
1.154000000000000057e+02 5.339771050057969148e+01
1.155999999999999943e+02 5.445620190336249067e+01
1.157999999999999972e+02 5.451450656160818653e+01
1.160000000000000000e+02 5.257262539758001196e+01
1.162000000000000028e+02 5.363055932738189568e+01
1.164000000000000057e+02 5.268830926101026790e+01
1.165999999999999943e+02 5.174587610240531887e+01
1.167999999999999972e+02 5.180326074950183113e+01
1.170000000000000000e+02 5.286046409427935089e+01
1.172000000000000028e+02 5.191748702281199712e+01
1.174000000000000057e+02 5.097433041531772346e+01
1.175999999999999943e+02 5.103099514620699750e+01
1.177999999999999972e+02 5.008748208413114611e+01
1.180000000000000000e+02 5.314379209203007548e+01
1.182000000000000028e+02 5.119992602717961461e+01
1.184000000000000057e+02 4.925588474123832583e+01
1.185999999999999943e+02 5.031166908029385354e+01
1.187999999999999972e+02 5.036727988490888208e+01
1.190000000000000000e+02 4.942271799016651102e+01
1.192000000000000028e+02 4.947798422571529642e+01
1.194000000000000057e+02 5.053307941581379481e+01
1.195999999999999943e+02 4.758800437937466654e+01
1.197999999999999972e+02 5.064275993000835285e+01
1.200000000000000000e+02 4.769734687606632662e+01
1.202000000000000028e+02 4.875176602068389542e+01
1.204000000000000057e+02 4.880601816182260677e+01
1.205999999999999943e+02 4.586010409231226248e+01
1.207999999999999972e+02 4.791402459989244278e+01
1.210000000000000000e+02 4.996778046725371780e+01
1.212000000000000028e+02 4.502137247207836879e+01
1.214000000000000057e+02 4.907480138708081796e+01
1.215999999999999943e+02 4.612806798004752551e+01
1.217999999999999972e+02 4.718117301387667339e+01
1.220000000000000000e+02 4.523411724661727362e+01
1.222000000000000028e+02 4.628690143150807756e+01
1.224000000000000057e+02 4.633952631701596658e+01
1.225999999999999943e+02 4.439199264687407975e+01
1.227999999999999972e+02 4.644430116011950105e+01
1.230000000000000000e+02 4.549645259113061968e+01
1.232000000000000028e+02 4.454844766966412095e+01
1.234000000000000057e+02 4.560028712089165026e+01
1.235999999999999943e+02 4.565197166543605078e+01
1.237999999999999972e+02 4.270350201940737378e+01
1.240000000000000000e+02 4.375487889443842704e+01
1.242000000000000028e+02 4.380610299772006044e+01
1.244000000000000057e+02 4.185717503203610335e+01
1.245999999999999943e+02 4.390809569579794669e+01
1.247999999999999972e+02 4.495886568307880538e+01
1.250000000000000000e+02 4.300948568364769642e+01
1.252000000000000028e+02 4.205995638300301920e+01
1.254000000000000057e+02 4.311027846240590833e+01
1.255999999999999943e+02 4.416045259891320285e+01
1.257999999999999972e+02 3.921047946541015250e+01
1.260000000000000000e+02 4.226035973064276163e+01
1.262000000000000028e+02 4.231009405924990574e+01
1.264000000000000057e+02 4.035968311179509271e+01
1.265999999999999943e+02 4.240912754479792568e+01
1.267999999999999972e+02 4.145842801076534556e+01
1.270000000000000000e+02 4.150758515822244732e+01
1.272000000000000028e+02 3.755659963174316118e+01
1.274000000000000057e+02 4.260547207198055020e+01
1.275999999999999943e+02 4.065420311569683776e+01
1.277999999999999972e+02 4.170279339579322908e+01
1.280000000000000000e+02 3.875124354133937743e+01
1.281999999999999886e+02 4.079955417760255187e+01
1.284000000000000057e+02 3.784772592607671271e+01
1.285999999999999943e+02 4.089575940451108238e+01
1.288000000000000114e+02 3.894365522693863824e+01
1.290000000000000000e+02 3.999141400370424293e+01
1.291999999999999886e+02 3.803903634149258295e+01
1.294000000000000057e+02 3.808652284335581584e+01
1.295999999999999943e+02 4.113387410874091898e+01
1.298000000000000114e+02 3.618109073351693183e+01
1.300000000000000000e+02 3.822817331000178598e+01
1.301999999999999886e+02 4.127512242698900025e+01
1.304000000000000057e+02 3.732193866977410579e+01
1.305999999999999943e+02 3.636862262018080116e+01
1.308000000000000114e+02 3.941517485658692976e+01
1.310000000000000000e+02 3.746159595395015884e+01
1.311999999999999886e+02 3.650788648383348800e+01
1.314000000000000057e+02 3.655404701443048765e+01
1.315999999999999943e+02 3.760007811059031013e+01
1.318000000000000114e+02 3.664598033384254450e+01
1.320000000000000000e+02 3.669175424242169470e+01
1.321999999999999886e+02 3.673740039129165069e+01
1.324000000000000057e+02 3.678291933216976872e+01
1.325999999999999943e+02 3.382831161355080241e+01
1.328000000000000114e+02 3.687357778073062775e+01
1.330000000000000000e+02 3.691871837582976923e+01
1.331999999999999886e+02 3.396373393781663452e+01
1.334000000000000057e+02 3.300862500253068532e+01
1.335999999999999943e+02 3.705339210270524575e+01
1.338000000000000114e+02 3.509803576799025393e+01
1.340000000000000000e+02 3.414255652497468674e+01
1.341999999999999886e+02 3.518695489720890635e+01
1.344000000000000057e+02 3.423123140522672259e+01
1.345999999999999943e+02 3.527538656656724925e+01
1.348000000000000114e+02 3.531942089579669641e+01
1.350000000000000000e+02 3.236333490452982886e+01
1.351999999999999886e+02 3.340712910145128944e+01
1.354000000000000057e+02 3.345080399233680168e+01
1.355999999999999943e+02 3.349436008007403132e+01
1.358000000000000114e+02 3.353779786468349045e+01
1.360000000000000000e+02 3.758111784333898697e+01
1.361999999999999886e+02 3.062432051038817349e+01
1.364000000000000057e+02 3.366740635737271958e+01
1.365999999999999943e+02 3.371037587304839889e+01
1.368000000000000114e+02 3.375322954340496295e+01
1.370000000000000000e+02 3.179596785168588013e+01
1.371999999999999886e+02 3.183859127840791814e+01
1.374000000000000057e+02 3.288110030138047790e+01
1.375999999999999943e+02 3.292349539572480666e+01
1.378000000000000114e+02 3.296577703389313285e+01
1.380000000000000000e+02 3.200794568568746712e+01
1.381999999999999886e+02 3.205000181827837480e+01
1.384000000000000057e+02 3.109194589622357086e+01
1.385999999999999943e+02 3.113377838148625187e+01
1.388000000000000114e+02 3.317549973345346359e+01
1.390000000000000000e+02 3.121711040895409894e+01
1.391999999999999886e+02 3.125861086227689611e+01
1.394000000000000057e+02 3.030000154518826605e+01
1.395999999999999943e+02 3.034128290694985708e+01
1.398000000000000114e+02 3.038245539433611953e+01
1.400000000000000000e+02 3.142351945165163585e+01
1.401999999999999886e+02 3.246447552074829446e+01
1.404000000000000057e+02 2.950532404104241380e+01
1.405999999999999943e+02 2.954606544953159641e+01
1.408000000000000114e+02 3.058670018081154041e+01
1.410000000000000000e+02 2.962722866709265190e+01
1.411999999999999886e+02 3.066765133821653677e+01
1.414000000000000057e+02 2.970796862167242125e+01
1.415999999999999943e+02 2.874818094261327417e+01
1.418000000000000114e+02 3.178828872387195759e+01
1.420000000000000000e+02 2.782829238597717136e+01
1.421999999999999886e+02 2.986819234716926275e+01
1.424000000000000057e+02 2.790798902341595067e+01
1.425999999999999943e+02 2.994768282842780849e+01
1.428000000000000114e+02 2.898727417367378933e+01
1.430000000000000000e+02 2.902676346839645305e+01
1.431999999999999886e+02 2.906615111962720732e+01
1.434000000000000057e+02 2.710543753220130725e+01
1.435999999999999943e+02 3.014462310877284068e+01
1.438000000000000114e+02 2.718370824982947198e+01
1.440000000000000000e+02 2.922269335370718579e+01
1.441999999999999886e+02 2.726157881660482474e+01
1.444000000000000057e+02 2.630036503259855607e+01
1.445999999999999943e+02 3.133905239365615358e+01
1.448000000000000114e+02 2.537764128965129373e+01
1.450000000000000000e+02 2.941613210837756043e+01
1.451999999999999886e+02 2.445452523556250668e+01
1.454000000000000057e+02 2.949282105488148176e+01
1.455999999999999943e+02 2.853101994797138019e+01
1.458000000000000114e+02 2.556912229444434814e+01
1.460000000000000000e+02 2.860712847190123398e+01
1.461999999999999886e+02 2.464503885594507437e+01
1.464000000000000057e+02 2.868285382019442409e+01
1.465999999999999943e+02 2.572057373629650812e+01
1.468000000000000114e+02 2.675819897394037383e+01
1.470000000000000000e+02 2.679572990086988682e+01
1.471999999999999886e+02 2.583316688289662011e+01
1.474000000000000057e+02 2.487051028391263685e+01
1.475999999999999943e+02 2.890776046590320902e+01
1.478000000000000114e+02 2.394491778895939404e+01
1.480000000000000000e+02 2.698198261129049769e+01
1.481999999999999886e+02 2.501895528923651568e+01
1.484000000000000057e+02 2.605583617728040480e+01
1.485999999999999943e+02 2.609262562806024732e+01
1.488000000000000114e+02 2.612932399238140846e+01
1.490000000000000000e+02 2.516593161922848054e+01
1.491999999999999886e+02 2.420244885577722727e+01
1.494000000000000057e+02 2.623887604740640711e+01
1.495999999999999943e+02 2.327521353770943335e+01
1.498000000000000114e+02 2.631146166850607671e+01
1.500000000000000000e+02 2.634762077985396189e+01
1.501999999999999886e+02 2.238369121006002160e+01
1.504000000000000057e+02 2.441967329569186518e+01
1.505999999999999943e+02 2.545556737158901939e+01
1.508000000000000114e+02 2.549137377087414080e+01
1.510000000000000000e+02 2.352709282496408605e+01
1.511999999999999886e+02 2.356272486358093943e+01
1.514000000000000057e+02 2.459827021476291975e+01
1.515999999999999943e+02 2.463372920487520190e+01
1.518000000000000114e+02 2.366910215862070288e+01
1.520000000000000000e+02 2.570438939905072573e+01
1.521999999999999886e+02 2.173959124757555372e+01
1.524000000000000057e+02 2.377470802397498062e+01
1.525999999999999943e+02 2.380974004640865616e+01
1.528000000000000114e+02 2.284468763142653813e+01
1.530000000000000000e+02 2.387955109397904607e+01
1.531999999999999886e+02 2.191433074742733567e+01
1.534000000000000057e+02 2.394902690355336716e+01
1.535999999999999943e+02 2.098363987256989560e+01
1.538000000000000114e+02 2.201816996313051433e+01
1.540000000000000000e+02 2.505261748233944274e+01
1.541999999999999886e+02 2.308698273576137439e+01
1.544000000000000057e+02 2.212126602743119719e+01
1.545999999999999943e+02 2.215546765986361422e+01
1.548000000000000114e+02 2.118958793406277152e+01
1.550000000000000000e+02 2.422362714953173324e+01
1.551999999999999886e+02 2.125758560428190691e+01
1.554000000000000057e+02 2.229146359484243334e+01
1.555999999999999943e+02 2.232526141626944494e+01
1.558000000000000114e+02 2.135897936215531701e+01
1.560000000000000000e+02 2.439261772463780531e+01
1.561999999999999886e+02 1.942617679440911971e+01
1.564000000000000057e+02 2.445965686072495160e+01
1.565999999999999943e+02 2.149305821141340900e+01
1.568000000000000114e+02 2.252638113288391963e+01
1.570000000000000000e+02 2.155962591013598484e+01
1.571999999999999886e+02 1.959279282676800094e+01
1.574000000000000057e+02 2.262588216498589944e+01
1.575999999999999943e+02 2.165889420561174816e+01
1.578000000000000114e+02 2.269182922809235237e+01
1.580000000000000000e+02 1.872468751050766755e+01
1.581999999999999886e+02 2.175746932957930824e+01
1.584000000000000057e+02 2.179017496067886484e+01
1.585999999999999943e+02 2.082280467783618150e+01
1.588000000000000114e+02 2.285535875374766590e+01
1.590000000000000000e+02 1.888783745978438233e+01
1.591999999999999886e+02 2.092024106600022648e+01
1.594000000000000057e+02 2.195256984113997589e+01
1.595999999999999943e+02 1.998482405264725870e+01
1.598000000000000114e+02 2.101700396667252235e+01
1.600000000000000000e+02 2.004910984808088514e+01
1.601999999999999886e+02 2.108114196045999833e+01
1.604000000000000057e+02 2.111310056612778396e+01
1.605999999999999943e+02 2.214498592614011940e+01
1.608000000000000114e+02 1.817679830029855736e+01
1.610000000000000000e+02 2.020853794715783991e+01
1.611999999999999886e+02 2.224020512403351546e+01
1.614000000000000057e+02 1.827180008700936753e+01
1.615999999999999943e+02 2.230332309094486121e+01
1.618000000000000114e+02 1.933477438948254346e+01
1.620000000000000000e+02 1.836615423505532618e+01
1.621999999999999886e+02 2.039746287889379062e+01
1.624000000000000057e+02 1.942870057103338510e+01
1.625999999999999943e+02 1.945986756032159093e+01
1.628000000000000114e+02 2.149096409442505262e+01
1.630000000000000000e+02 1.752199041983660521e+01
1.631999999999999886e+02 2.055294678188232638e+01
1.634000000000000057e+02 2.158383342472847488e+01
1.635999999999999943e+02 1.961465059138838640e+01
1.638000000000000114e+02 1.764539852372936579e+01
1.640000000000000000e+02 2.067607746247947986e+01
1.641999999999999886e+02 1.970668764723432176e+01
1.644000000000000057e+02 2.073722931646372558e+01
1.645999999999999943e+02 1.776770270751843483e+01
1.648000000000000114e+02 2.179810805663671758e+01
1.650000000000000000e+02 1.782844559895093539e+01
1.651999999999999886e+02 1.685871556849408393e+01
1.654000000000000057e+02 2.188891819820625528e+01
1.655999999999999943e+02 1.891905371994105778e+01
1.658000000000000114e+02 1.994912236447204279e+01
1.660000000000000000e+02 1.797912436149900017e+01
1.661999999999999886e+02 2.000905993965428564e+01
1.664000000000000057e+02 1.603892932650906999e+01
1.665999999999999943e+02 2.006873274857951728e+01
1.668000000000000114e+02 2.009847043133299138e+01
1.670000000000000000e+02 1.712814259919413828e+01
1.671999999999999886e+02 2.215774947555098962e+01
1.674000000000000057e+02 1.818729128276099871e+01
1.675999999999999943e+02 1.721676824215699142e+01
1.678000000000000114e+02 2.124618057405317373e+01
1.680000000000000000e+02 1.627552849775099730e+01
1.681999999999999886e+02 1.930481223154504633e+01
1.684000000000000057e+02 1.933403199272887107e+01
1.685999999999999943e+02 1.936318799760073972e+01
1.688000000000000114e+02 1.839228046146942219e+01
1.690000000000000000e+02 1.842130959865987094e+01
1.691999999999999886e+02 1.945027562251889464e+01
1.694000000000000057e+02 1.747917874542079275e+01
1.695999999999999943e+02 1.750801917877291203e+01
1.698000000000000114e+02 2.053679713302124554e+01
1.700000000000000000e+02 1.856551281765588612e+01
1.701999999999999886e+02 1.759416644121654016e+01
1.704000000000000057e+02 1.962275821129795617e+01
1.705999999999999943e+02 1.765128833455527868e+01
1.708000000000000114e+02 1.767975701670948041e+01
1.710000000000000000e+02 2.070816446255261667e+01
1.711999999999999886e+02 1.673651087595316511e+01
1.714000000000000057e+02 1.876479645986123046e+01
1.715999999999999943e+02 1.779302141631378475e+01
1.718000000000000114e+02 1.782118594643984721e+01
1.720000000000000000e+02 1.784929025046560724e+01
1.721999999999999886e+02 1.987733452771954745e+01
1.724000000000000057e+02 1.690531897663752758e+01
1.725999999999999943e+02 1.793324379476777608e+01
1.728000000000000114e+02 1.896110917877595625e+01
1.730000000000000000e+02 1.698891532445009034e+01
1.731999999999999886e+02 1.801666242670550844e+01
1.734000000000000057e+02 1.804435067958976191e+01
1.735999999999999943e+02 1.907198027628747639e+01
1.738000000000000114e+02 1.809955140912520477e+01
1.740000000000000000e+02 1.812706426957620209e+01
1.741999999999999886e+02 1.815451904826523233e+01
1.744000000000000057e+02 1.718191593497330061e+01
1.745999999999999943e+02 1.820925511864232504e+01
1.748000000000000114e+02 1.523653678737985828e+01
1.750000000000000000e+02 2.026376112846370603e+01
1.751999999999999886e+02 1.729092832834654203e+01
1.754000000000000057e+02 1.831803857266049818e+01
1.755999999999999943e+02 1.734509204622170842e+01
1.758000000000000114e+02 1.737208893303483492e+01
1.760000000000000000e+02 1.839902941629755162e+01
1.761999999999999886e+02 1.842591367840501348e+01
1.764000000000000057e+02 1.545274190095428324e+01
1.765999999999999943e+02 1.847951426474872605e+01
1.768000000000000114e+02 1.650623094980240069e+01
1.770000000000000000e+02 1.753289213534436897e+01
1.771999999999999886e+02 -2.834050200017694365e+01
1.774000000000000057e+02 -2.831395127908949760e+01
1.775999999999999943e+02 -2.828745552449338874e+01
1.778000000000000114e+02 -2.826101456025656944e+01
1.780000000000000000e+02 -2.823462821101071185e+01
1.781999999999999886e+02 -2.820829630214698724e+01
1.784000000000000057e+02 -2.818201865981193421e+01
1.785999999999999943e+02 -2.815579511090334819e+01
1.788000000000000114e+02 -2.812962548306618160e+01
1.790000000000000000e+02 -2.810350960468848314e+01
1.791999999999999886e+02 -2.807744730489735474e+01
1.794000000000000057e+02 -2.805143841355494061e+01
1.795999999999999943e+02 -2.802548276125444460e+01
1.798000000000000114e+02 -2.799958017931617960e+01
1.800000000000000000e+02 -2.797373049978361692e+01
1.801999999999999886e+02 -2.794793355541949254e+01
1.804000000000000057e+02 -2.792218917970190617e+01
1.805999999999999943e+02 -2.789649720682049150e+01
1.808000000000000114e+02 -2.787085747167256855e+01
1.810000000000000000e+02 -2.784526980985933164e+01
