# energy (eV)  EELS (a.u)
2.600000000000000089e+00 3.622698546922447349e+01
2.800000999999999962e+00 5.384790700969460886e+00
3.000000000000000000e+00 -2.545897983449413005e+01
3.200000999999999873e+00 -4.041214704756839637e+01
3.400002000000000191e+00 -5.573706911720819335e+00
3.600000000000000089e+00 4.309486534584652873e+01
3.800000999999999962e+00 1.005389378818845216e+02
4.000000000000000000e+00 1.582763746424959663e+02
4.200001000000000317e+00 2.167828665763529443e+02
4.400001999999999747e+00 2.612384939303867668e+02
4.599999999999999645e+00 3.079726346724087307e+02
4.800000999999999962e+00 3.457375272525507626e+02
5.000000000000000000e+00 3.808739302107715048e+02
5.200001000000000317e+00 4.134316719842852308e+02
5.400001999999999747e+00 4.432424858414533446e+02
5.599999999999999645e+00 4.689756545508776071e+02
5.800000999999999962e+00 4.991783163970596888e+02
6.000000000000000000e+00 5.242991789749723921e+02
6.200001000000000317e+00 4.687131633035055529e+02
6.400001999999999747e+00 5.877340472241905900e+02
6.599999999999999645e+00 6.226272983226313045e+02
6.800000999999999962e+00 6.506204824817805275e+02
7.000000000000000000e+00 6.829075082009214839e+02
7.200001000000000317e+00 7.196569668432902063e+02
7.400001999999999747e+00 7.490146145502206991e+02
7.599999999999999645e+00 7.871076614741156163e+02
7.800000999999999962e+00 8.220486484687386337e+02
8.000000000000000000e+00 8.559357267402180014e+02
8.200001000000000317e+00 8.948566243937995068e+02
8.400002000000000635e+00 9.338887933751576611e+02
8.599999999999999645e+00 9.641012727911996762e+02
8.800000999999999962e+00 1.003556573827970055e+03
9.000002000000000280e+00 1.029310163749979893e+03
9.200003000000000597e+00 1.060412246789411483e+03
9.400000000000000355e+00 1.090907928588520463e+03
9.599999999999999645e+00 1.113838799339994239e+03
9.800000999999999962e+00 1.138242068023365391e+03
1.000000000000000000e+01 1.159151576732503145e+03
1.019999999999999929e+01 1.181598571412995625e+03
1.040000000000000036e+01 1.200611415523962023e+03
1.059999999999999964e+01 1.218216173592694759e+03
1.080000000000000071e+01 1.238436794964286946e+03
1.100000000000000000e+01 1.247295328155471907e+03
1.119999999999999929e+01 1.267812109344106830e+03
1.140000000000000036e+01 1.279005928593859380e+03
1.159999999999999964e+01 1.290894176848821189e+03
1.180000000000000071e+01 1.299492976266197957e+03
1.200000000000000000e+01 1.310817296068189762e+03
1.219999999999999929e+01 1.318881055771869796e+03
1.240000000000000036e+01 1.329697217386394186e+03
1.259999999999999964e+01 1.346277867940807482e+03
1.280000000000000071e+01 1.352634293515317495e+03
1.300000000000000000e+01 1.369777045788095620e+03
1.319999999999999929e+01 1.383716001973321909e+03
1.340000000000000036e+01 1.400460418910291992e+03
1.359999999999999964e+01 1.423018981964548630e+03
1.380000000000000071e+01 1.442399849317460394e+03
1.400000000000000000e+01 1.460610692148151884e+03
1.419999999999999929e+01 1.486658731149339474e+03
1.440000000000000036e+01 1.516550769764848610e+03
1.459999999999999964e+01 1.539293224490120338e+03
1.480000000000000071e+01 1.568892152536732738e+03
1.500000000000000000e+01 1.593353277126994726e+03
1.519999999999999929e+01 1.625682010654210899e+03
1.540000000000000036e+01 1.662883475917658870e+03
1.559999999999999964e+01 1.688962525618088421e+03
1.580000000000000071e+01 1.717923760279209773e+03
1.600000000000000000e+01 1.752771544742769038e+03
1.619999999999999929e+01 1.780510023369104829e+03
1.639999999999999858e+01 1.814143134061223918e+03
1.660000000000000142e+01 1.841674621218225411e+03
1.680000000000000071e+01 1.730108047713073574e+03
1.700000000000000000e+01 1.900446805980160661e+03
1.719999999999999929e+01 1.928694128289585478e+03
1.739999999999999858e+01 1.956853096277529175e+03
1.760000000000000142e+01 1.981926649795376989e+03
1.780000000000000071e+01 2.002917595134239718e+03
1.800000000000000000e+01 2.035828612676171815e+03
1.819999999999999929e+01 2.056662264018589212e+03
1.839999999999999858e+01 2.086420998614109067e+03
1.860000000000000142e+01 2.114107159964169114e+03
1.880000000000000071e+01 2.144722991401348281e+03
1.900000000000000000e+01 2.175270641492186769e+03
1.919999999999999929e+01 2.215752169089513700e+03
1.939999999999999858e+01 2.249169548060760917e+03
1.960000000000000142e+01 2.282524671716473676e+03
1.980000000000000071e+01 2.320819356961158974e+03
2.000000000000000000e+01 2.360055348186763695e+03
2.019999999999999929e+01 2.398234320927365843e+03
2.039999999999999858e+01 2.438357885292160063e+03
2.060000000000000142e+01 2.472427589192406685e+03
2.080000000000000071e+01 2.516444921376755701e+03
2.100000000000000000e+01 2.559411314288223821e+03
2.119999999999999929e+01 2.590328146755029138e+03
2.139999999999999858e+01 2.634196746526559764e+03
2.160000000000000142e+01 2.668018392664865587e+03
2.180000000000000071e+01 2.703794317801277884e+03
2.200000000000000000e+01 2.737525710267023896e+03
2.219999999999999929e+01 2.770213716106046377e+03
2.239999999999999858e+01 2.801859440977631039e+03
2.260000000000000142e+01 2.832463951955870016e+03
2.280000000000000071e+01 2.862028279232500154e+03
2.300000000000000000e+01 2.896553417729162447e+03
2.319999999999999929e+01 2.921040328624711037e+03
2.339999999999999858e+01 2.944489940802792262e+03
2.360000000000000142e+01 2.974903152224558653e+03
2.380000000000000071e+01 3.003280831231028969e+03
2.400000000000000000e+01 3.016623817779312958e+03
2.419999999999999929e+01 3.026932924616614400e+03
2.439999999999999858e+01 3.046208938395677251e+03
2.460000000000000142e+01 3.046452620735079563e+03
2.480000000000000071e+01 3.043664709227558888e+03
2.500000000000000000e+01 3.038845918399352286e+03
2.519999999999999929e+01 3.026996940623323553e+03
2.539999999999999858e+01 3.004118446988478809e+03
2.560000000000000142e+01 2.975211088128305619e+03
2.580000000000000071e+01 2.938275495010215764e+03
2.600000000000000000e+01 2.896312279688219860e+03
2.619999999999999929e+01 2.856322036020838823e+03
2.639999999999999858e+01 2.814305340356130273e+03
2.660000000000000142e+01 2.753262752185585214e+03
2.680000000000000071e+01 2.702194814768549804e+03
2.700000000000000000e+01 2.652102055728729283e+03
2.719999999999999929e+01 2.596984987624228779e+03
2.739999999999999858e+01 2.540844108492500709e+03
2.760000000000000142e+01 2.482679902371500248e+03
2.780000000000000071e+01 2.423492839798249861e+03
2.800000000000000000e+01 2.368283378285970684e+03
2.819999999999999929e+01 2.315051962780847589e+03
2.839999999999999858e+01 2.258799026099450202e+03
2.860000000000000142e+01 2.199524989347768496e+03
2.880000000000000071e+01 2.156230262322760154e+03
2.900000000000000000e+01 2.095915243897274195e+03
2.919999999999999929e+01 2.046580322389142111e+03
2.939999999999999858e+01 1.998225875915211418e+03
2.960000000000000142e+01 1.951852272731029871e+03
2.980000000000000071e+01 1.906459871556867256e+03
3.000000000000000000e+01 1.858049021890715267e+03
3.019999999999999929e+01 1.820620064308871633e+03
3.039999999999999858e+01 1.777173330754689232e+03
3.060000000000000142e+01 1.730709144816032449e+03
3.080000000000000071e+01 1.694227821991956716e+03
3.100000000000000000e+01 1.653729669949104846e+03
3.119999999999999929e+01 1.617214988768279454e+03
3.139999999999999858e+01 1.583684071181635090e+03
3.160000000000000142e+01 1.549137202800907744e+03
3.180000000000000071e+01 1.517574662337075097e+03
3.200000000000000000e+01 1.487996721811827229e+03
3.220000000000000284e+01 1.459403646761204982e+03
3.239999999999999858e+01 1.431795696431741590e+03
3.260000000000000142e+01 1.403173123969437029e+03
3.279999999999999716e+01 1.375536176601865009e+03
3.300000000000000000e+01 1.348885095813710905e+03
3.320000000000000284e+01 1.327220117516012124e+03
3.339999999999999858e+01 1.302541472209370113e+03
3.360000000000000142e+01 1.275849385141383664e+03
3.379999999999999716e+01 1.255144076458541804e+03
3.400000000000000000e+01 1.232425761352806376e+03
3.420000000000000284e+01 1.210694650203101901e+03
3.439999999999999858e+01 1.189950948711916681e+03
3.460000000000000142e+01 1.166194858037218182e+03
3.479999999999999716e+01 1.151426574919866653e+03
3.500000000000000000e+01 1.130646291806707495e+03
3.520000000000000284e+01 1.113854196969515669e+03
3.539999999999999858e+01 1.093050474619956049e+03
3.560000000000000142e+01 1.077235305020712303e+03
3.579999999999999716e+01 1.064408864592939153e+03
3.600000000000000000e+01 1.043571326020175775e+03
3.620000000000000284e+01 1.032722858348860200e+03
3.639999999999999858e+01 1.011863627085573171e+03
3.660000000000000142e+01 9.979937942911366235e+02
3.679999999999999716e+01 9.821135186716854832e+02
3.700000000000000000e+01 9.672229556668283976e+02
3.720000000000000284e+01 9.553222575350040415e+02
3.739999999999999858e+01 9.394115734361394061e+02
3.760000000000000142e+01 9.244910495117094342e+02
3.779999999999999716e+01 9.095608289622931579e+02
3.800000000000000000e+01 8.966210521227189929e+02
3.820000000000000284e+01 8.796718565348860466e+02
3.839999999999999858e+01 8.727133770183465913e+02
3.860000000000000142e+01 8.557457457387293971e+02
3.879999999999999716e+01 8.417690922740825954e+02
3.900000000000000000e+01 8.297835436792082646e+02
3.920000000000000284e+01 8.177892245480625206e+02
3.939999999999999858e+01 8.037862570742865955e+02
3.960000000000000142e+01 7.957747611099368896e+02
3.979999999999999716e+01 7.767548542224744779e+02
4.000000000000000000e+01 7.707266517500777354e+02
4.020000000000000284e+01 7.566902668553311742e+02
4.039999999999999858e+01 7.456458105773523357e+02
4.060000000000000142e+01 7.365933918824036937e+02
4.079999999999999716e+01 7.275331177130465221e+02
4.100000000000000000e+01 7.184650930358830010e+02
4.120000000000000284e+01 7.173894208879339658e+02
4.139999999999999858e+01 7.113062024217005046e+02
4.160000000000000142e+01 7.102155369489498753e+02
4.179999999999999716e+01 7.121175219832712173e+02
4.200000000000000000e+01 7.210122532814385750e+02
4.220000000000000284e+01 7.268998248836232960e+02
4.239999999999999858e+01 7.397803291524908218e+02
4.260000000000000142e+01 7.456538568112208623e+02
4.279999999999999716e+01 7.555204969804816528e+02
4.300000000000000000e+01 7.693803372143975139e+02
4.320000000000000284e+01 7.812334635355362025e+02
4.339999999999999858e+01 7.990799604689520947e+02
4.360000000000000142e+01 8.069199110753115747e+02
4.379999999999999716e+01 8.307533969831315517e+02
4.400000000000000000e+01 8.455804984201590742e+02
4.420000000000000284e+01 8.644012942439176186e+02
4.439999999999999858e+01 8.812158619714462020e+02
4.460000000000000142e+01 9.030242778082583754e+02
4.479999999999999716e+01 9.208266166765415619e+02
4.500000000000000000e+01 9.406229522426237963e+02
4.520000000000000284e+01 9.584133569437271944e+02
4.539999999999999858e+01 9.751979020140320245e+02
4.560000000000000142e+01 9.959766575100707087e+02
4.579999999999999716e+01 1.006749692335472218e+03
4.600000000000000000e+01 1.022517074265078463e+03
4.620000000000000284e+01 1.034278869968447452e+03
4.639999999999999858e+01 9.280351450327649445e+02
4.660000000000000142e+01 1.057785963985180160e+03
4.679999999999999716e+01 1.063531390314583859e+03
4.700000000000000000e+01 1.074271486492843906e+03
4.720000000000000284e+01 1.084006313995514120e+03
4.739999999999999858e+01 1.093735933322034043e+03
4.760000000000000142e+01 1.098460404015430413e+03
4.779999999999999716e+01 1.106179784681538422e+03
4.800000000000000000e+01 1.114894133007754363e+03
4.820000000000000284e+01 1.121603505781333524e+03
4.839999999999999858e+01 1.132307958907246984e+03
4.860000000000000142e+01 1.136007547425608891e+03
4.879999999999999716e+01 1.141702325528686288e+03
4.900000000000000000e+01 1.146392346577503986e+03
4.920000000000000284e+01 1.149077663118056080e+03
4.939999999999999858e+01 1.149758326897132974e+03
4.960000000000000142e+01 1.150434388877776655e+03
4.979999999999999716e+01 1.150105899254373981e+03
5.000000000000000000e+01 1.147772907467397999e+03
5.020000000000000284e+01 1.141435462217806162e+03
5.039999999999999858e+01 1.142093611481104745e+03
5.060000000000000142e+01 1.139747402521090862e+03
5.079999999999999716e+01 1.137396881903277745e+03
5.100000000000000000e+01 1.130042095508013062e+03
5.120000000000000284e+01 1.131683088543298936e+03
5.139999999999999858e+01 1.128319905557322045e+03
5.160000000000000142e+01 1.129952590450698835e+03
5.179999999999999716e+01 1.130581186488447202e+03
5.200000000000000000e+01 1.126205736311688725e+03
5.220000000000000284e+01 1.127826281949090799e+03
5.239999999999999858e+01 1.130442864828053189e+03
5.260000000000000142e+01 1.131055525785647887e+03
5.279999999999999716e+01 1.131664305079317046e+03
5.300000000000000000e+01 1.130269242397337621e+03
5.320000000000000284e+01 1.130870376869053871e+03
5.339999999999999858e+01 1.134467747074890667e+03
5.360000000000000142e+01 1.134061391056145339e+03
5.379999999999999716e+01 1.131651346324571932e+03
5.400000000000000000e+01 1.135237649871755821e+03
5.420000000000000284e+01 1.134820338178288239e+03
5.439999999999999858e+01 1.133399447222745039e+03
5.460000000000000142e+01 1.135975012490473546e+03
5.479999999999999716e+01 1.131547068982193650e+03
5.500000000000000000e+01 1.131115651222416545e+03
5.520000000000000284e+01 1.127680793267685658e+03
5.539999999999999858e+01 1.128242528714646369e+03
5.560000000000000142e+01 1.125800890707945655e+03
5.579999999999999716e+01 1.119355911947967570e+03
5.600000000000000000e+01 1.118907624698408199e+03
5.620000000000000284e+01 1.113456060793694633e+03
5.639999999999999858e+01 1.108001251646249557e+03
5.660000000000000142e+01 1.104543228253609186e+03
5.679999999999999716e+01 1.099082021205393403e+03
5.700000000000000000e+01 1.094617660690135381e+03
5.720000000000000284e+01 1.091150176501971600e+03
5.739999999999999858e+01 1.082679598047197032e+03
5.760000000000000142e+01 1.078205954350688899e+03
5.779999999999999716e+01 1.071729274062199693e+03
5.800000000000000000e+01 1.062249585462526284e+03
5.820000000000000284e+01 1.061766916469554644e+03
5.839999999999999858e+01 1.053281294644184982e+03
5.860000000000000142e+01 1.044792747196139317e+03
5.879999999999999716e+01 1.043301300989655601e+03
5.900000000000000000e+01 1.031806982549067470e+03
5.920000000000000284e+01 1.026309818064278261e+03
5.939999999999999858e+01 1.017809833396124077e+03
5.960000000000000142e+01 1.009307054081636352e+03
5.979999999999999716e+01 1.001801505339199139e+03
6.000000000000000000e+01 9.952932120736097659e+02
6.020000000000000284e+01 9.867821988810394487e+02
6.039999999999999858e+01 9.772684900539003365e+02
6.060000000000000142e+01 9.717521095856187685e+02
6.079999999999999716e+01 9.632330811753180342e+02
6.100000000000000000e+01 9.557114282324118903e+02
6.120000000000000284e+01 9.461871738811111072e+02
6.139999999999999858e+01 9.396603409648450906e+02
6.160000000000000142e+01 9.331309520506006265e+02
6.179999999999999716e+01 9.195990294331786572e+02
6.200000000000000000e+01 9.150645951393722726e+02
6.220000000000000284e+01 9.065276709320667123e+02
6.239999999999999858e+01 8.969882783142630842e+02
6.260000000000000142e+01 8.904464385330275036e+02
6.279999999999999716e+01 8.839021725833682694e+02
6.300000000000000000e+01 8.723555012120413039e+02
6.320000000000000284e+01 8.668064449212852196e+02
6.339999999999999858e+01 8.602550239724897665e+02
6.360000000000000142e+01 8.477012583897961804e+02
6.379999999999999716e+01 8.421451679636328436e+02
6.400000000000000000e+01 8.365867722541870535e+02
6.420000000000000284e+01 8.260260905948140362e+02
6.440000000000000568e+01 8.214631420953847964e+02
6.459999999999999432e+01 8.148979456455742820e+02
6.479999999999999716e+01 8.023305199180902036e+02
6.500000000000000000e+01 7.987608833718454662e+02
6.520000000000000284e+01 7.921890542550735290e+02
6.540000000000000568e+01 7.836150506083885148e+02
6.559999999999999432e+01 7.770388902677925671e+02
6.579999999999999716e+01 7.704605908676288664e+02
6.600000000000000000e+01 7.598801698434842820e+02
6.620000000000000284e+01 7.552976444350406382e+02
6.640000000000000568e+01 7.507130316888758443e+02
6.659999999999999432e+01 7.401263484612180719e+02
6.679999999999999716e+01 7.355376114206508191e+02
6.700000000000000000e+01 7.259468370507717054e+02
6.720000000000000284e+01 7.213540416528056767e+02
6.740000000000000568e+01 7.187592413481738731e+02
6.759999999999999432e+01 7.051624520810174772e+02
6.779999999999999716e+01 7.065636896206798383e+02
6.800000000000000000e+01 6.959629695641456237e+02
6.820000000000000284e+01 6.933603073384388153e+02
6.840000000000000568e+01 6.857557182029805745e+02
6.859999999999999432e+01 6.831492172519069754e+02
6.879999999999999716e+01 6.755408194163484268e+02
6.900000000000000000e+01 6.689305394666700977e+02
6.920000000000000284e+01 6.673183920146756236e+02
6.940000000000000568e+01 6.577043915157744323e+02
6.959999999999999432e+01 6.590885522711121212e+02
6.979999999999999716e+01 6.454708884296667293e+02
7.000000000000000000e+01 6.448514139903097657e+02
7.020000000000000284e+01 6.382301428038331323e+02
7.040000000000000568e+01 6.356070885749443278e+02
7.059999999999999432e+01 6.269822648642267495e+02
7.079999999999999716e+01 6.233556850900699828e+02
7.100000000000000000e+01 6.187273625305680298e+02
7.120000000000000284e+01 6.150973103253866157e+02
7.140000000000000568e+01 6.094655414776004818e+02
7.159999999999999432e+01 6.028320688555015749e+02
7.179999999999999716e+01 5.971969051943769955e+02
7.200000000000000000e+01 5.955600630982598886e+02
7.220000000000000284e+01 5.879215550416515725e+02
7.240000000000000568e+01 5.872813933712162680e+02
7.259999999999999432e+01 5.806395903074493390e+02
7.279999999999999716e+01 5.799961579463183625e+02
7.300000000000000000e+01 5.723511082608793004e+02
7.320000000000000284e+01 5.667044531028666370e+02
7.340000000000000568e+01 5.670562042042578241e+02
7.359999999999999432e+01 5.594063731788153291e+02
7.379999999999999716e+01 5.587549715236024213e+02
7.400000000000000000e+01 5.561020106204765625e+02
7.420000000000000284e+01 5.524475017375590369e+02
7.440000000000000568e+01 5.447914560306822978e+02
7.459999999999999432e+01 5.481338845448149186e+02
7.479999999999999716e+01 5.424747982154641477e+02
7.500000000000000000e+01 5.428142078700573165e+02
7.520000000000000284e+01 5.381521242293021032e+02
7.540000000000000568e+01 5.334885579085258769e+02
7.559999999999999432e+01 5.318235194189944650e+02
7.579999999999999716e+01 5.271570191692115941e+02
7.600000000000000000e+01 5.254890674661977528e+02
7.620000000000000284e+01 5.198196745167501831e+02
7.640000000000000568e+01 5.161488504286842272e+02
7.659999999999999432e+01 5.124766052120551194e+02
7.679999999999999716e+01 5.058029487803622715e+02
7.700000000000000000e+01 5.041278909517354805e+02
7.720000000000000284e+01 4.954514414501029478e+02
7.740000000000000568e+01 4.947736099063422444e+02
7.759999999999999432e+01 4.950944058594144508e+02
7.779999999999999716e+01 4.814138387574809599e+02
7.800000000000000000e+01 4.817319179590045906e+02
7.820000000000000284e+01 4.780486527338335918e+02
7.840000000000000568e+01 4.723640522642704127e+02
7.859999999999999432e+01 4.686781256461245562e+02
7.879999999999999716e+01 4.639908818897501419e+02
7.900000000000000000e+01 4.613023299210682922e+02
7.920000000000000284e+01 4.576124785825749086e+02
7.940000000000000568e+01 4.509213366343333291e+02
7.959999999999999432e+01 4.512289127549533418e+02
7.979999999999999716e+01 4.435352155425554770e+02
8.000000000000000000e+01 4.418402535157218836e+02
8.020000000000000284e+01 4.391440351144331089e+02
8.040000000000000568e+01 4.374465687009921453e+02
8.059999999999999432e+01 4.287478625609345499e+02
8.079999999999999716e+01 4.320479249039264005e+02
8.100000000000000000e+01 4.253467638646484943e+02
8.120000000000000284e+01 4.246443875036692361e+02
8.140000000000000568e+01 4.209408038083040537e+02
8.159999999999999432e+01 4.152360206934638427e+02
8.179999999999999716e+01 4.165300460024903941e+02
8.200000000000000000e+01 4.138228875079807949e+02
8.220000000000000284e+01 4.101145529126001179e+02
8.240000000000000568e+01 4.064050498498828574e+02
8.259999999999999432e+01 4.036943858850230527e+02
8.279999999999999716e+01 3.999825685156536679e+02
8.300000000000000000e+01 4.032696051726148880e+02
8.320000000000000284e+01 3.935555032207121258e+02
8.340000000000000568e+01 3.938402699594633987e+02
8.359999999999999432e+01 3.921239126238364179e+02
8.379999999999999716e+01 3.914064383849758997e+02
8.400000000000000000e+01 3.926878543509203610e+02
8.420000000000000284e+01 3.849681675673095924e+02
8.440000000000000568e+01 3.802473850180823547e+02
8.459999999999999432e+01 3.825255136261645248e+02
8.479999999999999716e+01 3.788025602541483750e+02
8.500000000000000000e+01 3.790785317049619039e+02
8.520000000000000284e+01 3.753534347225296415e+02
8.540000000000000568e+01 3.746272759924247566e+02
8.559999999999999432e+01 3.709000621425117288e+02
8.579999999999999716e+01 3.691717997435812890e+02
8.600000000000000000e+01 3.654424953099762661e+02
8.620000000000000284e+01 3.667121553002092469e+02
8.640000000000000568e+01 3.609807861175718244e+02
8.659999999999999432e+01 3.622483941107367400e+02
8.679999999999999716e+01 3.565149855743504190e+02
8.700000000000000000e+01 3.607805667496193109e+02
8.720000000000000284e+01 3.550451438248875320e+02
8.740000000000000568e+01 3.563087229362072890e+02
8.759999999999999432e+01 3.505713101679015153e+02
8.779999999999999716e+01 3.498329115531196862e+02
8.800000000000000000e+01 3.480935330743859595e+02
8.820000000000000284e+01 3.453531806641403819e+02
8.840000000000000568e+01 3.446118602052728761e+02
8.859999999999999432e+01 3.438695775316505205e+02
8.879999999999999716e+01 3.401263384286378937e+02
8.900000000000000000e+01 3.363821486336109956e+02
8.920000000000000284e+01 3.376370138364640070e+02
8.940000000000000568e+01 3.348909396801100229e+02
8.959999999999999432e+01 3.371439317609753061e+02
8.979999999999999716e+01 3.283959956294868334e+02
9.000000000000000000e+01 3.326471367905543843e+02
9.020000000000000284e+01 3.278973607040458091e+02
9.040000000000000568e+01 3.251466727852563281e+02
9.059999999999999432e+01 3.243950784053726011e+02
9.079999999999999716e+01 3.216425828919298624e+02
9.100000000000000000e+01 3.208891915292643944e+02
9.120000000000000284e+01 3.161349095589592935e+02
9.140000000000000568e+01 3.173797421802853478e+02
9.159999999999999432e+01 3.146236945506361735e+02
9.179999999999999716e+01 3.118667717859580080e+02
9.200000000000000000e+01 3.101089789611738183e+02
9.220000000000000284e+01 3.063503211106026356e+02
9.240000000000000568e+01 3.075908032283732041e+02
9.259999999999999432e+01 3.048304302688329699e+02
9.279999999999999716e+01 3.030692071469516122e+02
9.300000000000000000e+01 3.003071387387199138e+02
9.320000000000000284e+01 3.005442298815435151e+02
9.340000000000000568e+01 2.967804853746318372e+02
9.359999999999999432e+01 2.940159099793825135e+02
9.379999999999999716e+01 2.932505084197608767e+02
9.400000000000000000e+01 2.894842853826747842e+02
9.420000000000000284e+01 2.897172455183450666e+02
9.440000000000000568e+01 2.849493934406713720e+02
9.459999999999999432e+01 2.841807337275935765e+02
9.479999999999999716e+01 2.854112709214489882e+02
9.500000000000000000e+01 2.796410095293249469e+02
9.520000000000000284e+01 2.788699540234074448e+02
9.540000000000000568e+01 2.750981088413252564e+02
9.559999999999999432e+01 2.763254783864907722e+02
9.579999999999999716e+01 2.715520670284352036e+02
9.600000000000000000e+01 2.707778791031415722e+02
9.620000000000000284e+01 2.690029189133724685e+02
9.640000000000000568e+01 2.642271907289941737e+02
9.659999999999999432e+01 2.654506987872977106e+02
9.679999999999999716e+01 2.636734472933148936e+02
9.700000000000000000e+01 2.618954404201314787e+02
9.720000000000000284e+01 2.601166823091965057e+02
9.740000000000000568e+01 2.593371770706277175e+02
9.759999999999999432e+01 2.555569287835135981e+02
9.779999999999999716e+01 2.527759414962118854e+02
9.800000000000000000e+01 2.519942192266446170e+02
9.820000000000000284e+01 2.512117659625895385e+02
9.840000000000000568e+01 2.504285856619683273e+02
9.859999999999999432e+01 2.476446822531315206e+02
9.879999999999999716e+01 2.458600596351398053e+02
9.900000000000000000e+01 2.450747216780425504e+02
9.920000000000000284e+01 2.452886722231525312e+02
9.940000000000000568e+01 2.425019150833181527e+02
9.959999999999999432e+01 2.407144540431918927e+02
9.979999999999999716e+01 2.379262928594963284e+02
1.000000000000000000e+02 2.391374352612863845e+02
1.002000000000000028e+02 2.393478849502092771e+02
1.004000000000000057e+02 2.355576456007611341e+02
1.005999999999999943e+02 2.347667208605405449e+02
1.007999999999999972e+02 2.329751143504998367e+02
1.010000000000000000e+02 2.321828296651927133e+02
1.012000000000000028e+02 2.293898703730197326e+02
1.014000000000000057e+02 2.265962400164707162e+02
1.015999999999999943e+02 2.268019421123644292e+02
1.017999999999999972e+02 2.290069801520857595e+02
1.020000000000000000e+02 2.232113576018200263e+02
1.022000000000000028e+02 2.244150779027846738e+02
1.024000000000000057e+02 2.206181444714585496e+02
1.025999999999999943e+02 2.208205606998085102e+02
1.027999999999999972e+02 2.230223299555135554e+02
1.030000000000000000e+02 2.182234555821863466e+02
1.032000000000000028e+02 2.164239408995923952e+02
1.034000000000000057e+02 2.166237892038668633e+02
1.035999999999999943e+02 2.168230037677288067e+02
1.037999999999999972e+02 2.150215878406932575e+02
1.040000000000000000e+02 2.132195446492808344e+02
1.042000000000000028e+02 2.134168773972249937e+02
1.044000000000000057e+02 2.106135892656772626e+02
1.045999999999999943e+02 2.128096834134099993e+02
1.047999999999999972e+02 2.090051629770170223e+02
1.050000000000000000e+02 2.092000310711120790e+02
1.052000000000000028e+02 2.123942907885250690e+02
1.054000000000000057e+02 2.035879452004962502e+02
1.055999999999999943e+02 2.087809973568683120e+02
1.057999999999999972e+02 2.049734502862762895e+02
1.060000000000000000e+02 2.011653069963355449e+02
1.062000000000000028e+02 2.053565704738276736e+02
1.064000000000000057e+02 2.025472436848843927e+02
1.065999999999999943e+02 2.017373295751694400e+02
1.067999999999999972e+02 2.029268310700587108e+02
1.070000000000000000e+02 1.981157510748181494e+02
1.072000000000000028e+02 2.033040924747800773e+02
1.074000000000000057e+02 1.944918581355173615e+02
1.075999999999999943e+02 1.986790509030159342e+02
1.077999999999999972e+02 1.968656736038454369e+02
1.080000000000000000e+02 1.960517290453279884e+02
1.082000000000000028e+02 1.932372200157051623e+02
1.084000000000000057e+02 1.954221492843033730e+02
1.085999999999999943e+02 1.906065196016973289e+02
1.087999999999999972e+02 1.917903336998719510e+02
1.090000000000000000e+02 1.909735942923823018e+02
1.092000000000000028e+02 1.921563040745122066e+02
1.094000000000000057e+02 1.893384657234309714e+02
1.095999999999999943e+02 1.885200818983485078e+02
1.097999999999999972e+02 1.877011552406690384e+02
1.100000000000000000e+02 1.898816883741427546e+02
1.102000000000000028e+02 1.860616839050164799e+02
1.104000000000000057e+02 1.842411444221822876e+02
1.105999999999999943e+02 1.834200724973248953e+02
1.107999999999999972e+02 1.845984706850673831e+02
1.110000000000000000e+02 1.837763415231154340e+02
1.112000000000000028e+02 1.819536875324001812e+02
1.114000000000000057e+02 1.801305112172194640e+02
1.115999999999999943e+02 1.803068150653776627e+02
1.117999999999999972e+02 1.784826015483243395e+02
1.120000000000000000e+02 1.786578731212910043e+02
1.122000000000000028e+02 1.778326322234269412e+02
1.124000000000000057e+02 1.790068812779333314e+02
1.125999999999999943e+02 1.751806226921962946e+02
1.127999999999999972e+02 1.733538588579183681e+02
1.130000000000000000e+02 1.745265921512487068e+02
1.132000000000000028e+02 1.756988249329119753e+02
1.134000000000000057e+02 1.698705595483360753e+02
1.135999999999999943e+02 1.730417983277783662e+02
1.137999999999999972e+02 1.682125435864507779e+02
1.140000000000000000e+02 1.733827976246436151e+02
1.142000000000000028e+02 1.685525627278480556e+02
1.144000000000000057e+02 1.677218411668777094e+02
1.145999999999999943e+02 1.678906351979884448e+02
1.147999999999999972e+02 1.660589470629976176e+02
1.150000000000000000e+02 1.672267789894017369e+02
1.152000000000000028e+02 1.653941331904930223e+02
1.154000000000000057e+02 1.645610118654748248e+02
1.155999999999999943e+02 1.637274171995761094e+02
1.157999999999999972e+02 1.628933513641644595e+02
1.160000000000000000e+02 1.630588165168581725e+02
1.162000000000000028e+02 1.632238148016373600e+02
1.164000000000000057e+02 1.593883483489535990e+02
1.165999999999999943e+02 1.605524192758389006e+02
1.167999999999999972e+02 1.567160296860135134e+02
1.170000000000000000e+02 1.598791816699923345e+02
1.172000000000000028e+02 1.570418773051908374e+02
1.174000000000000057e+02 1.572041186560296069e+02
1.175999999999999943e+02 1.543659077740378791e+02
1.177999999999999972e+02 1.565272466979562296e+02
1.180000000000000000e+02 1.546881374538381806e+02
1.182000000000000028e+02 1.528485820551507288e+02
1.184000000000000057e+02 1.530085825028742477e+02
1.185999999999999943e+02 1.521681407856008832e+02
1.187999999999999972e+02 1.523272588796325522e+02
1.190000000000000000e+02 1.494859387490776612e+02
1.192000000000000028e+02 1.486441823459469731e+02
1.194000000000000057e+02 1.518019916102486775e+02
1.195999999999999943e+02 1.469593684700823815e+02
1.197999999999999972e+02 1.461163148417323612e+02
1.200000000000000000e+02 1.472728326297597334e+02
1.202000000000000028e+02 1.474289237270940021e+02
1.204000000000000057e+02 1.435845900151235242e+02
1.205999999999999943e+02 1.437398333637852090e+02
1.207999999999999972e+02 1.428946556316533929e+02
1.210000000000000000e+02 1.430490586660278325e+02
1.212000000000000028e+02 1.422030443030209597e+02
1.214000000000000057e+02 1.383566143676440277e+02
1.215999999999999943e+02 1.425097706738929162e+02
1.217999999999999972e+02 1.396625150248327714e+02
1.220000000000000000e+02 1.388148492126819065e+02
1.222000000000000028e+02 1.379667750188950492e+02
1.224000000000000057e+02 1.371182942142457932e+02
1.225999999999999943e+02 1.352694085589080544e+02
1.227999999999999972e+02 1.384201198025371866e+02
1.230000000000000000e+02 1.305704296843498753e+02
1.232000000000000028e+02 1.357203399332036895e+02
1.234000000000000057e+02 1.338698522676756681e+02
1.235999999999999943e+02 1.320189683961402238e+02
1.237999999999999972e+02 1.301676900168464499e+02
1.240000000000000000e+02 1.323160188179944043e+02
1.242000000000000028e+02 1.304639564778112231e+02
1.244000000000000057e+02 1.336115046646259259e+02
1.245999999999999943e+02 1.267586650369439951e+02
1.247999999999999972e+02 1.279054392435211298e+02
1.250000000000000000e+02 1.280518289234361475e+02
1.252000000000000028e+02 1.281978357061635450e+02
1.254000000000000057e+02 1.263434612116451774e+02
1.255999999999999943e+02 1.234887070503613700e+02
1.257999999999999972e+02 1.276335748234012328e+02
1.260000000000000000e+02 1.237780661225327492e+02
1.262000000000000028e+02 1.229221825302716411e+02
1.264000000000000057e+02 1.220659256199501499e+02
1.265999999999999943e+02 1.222092969557847937e+02
1.267999999999999972e+02 1.213522980929438972e+02
1.270000000000000000e+02 1.214949305776141557e+02
1.272000000000000028e+02 1.186371959470667719e+02
1.274000000000000057e+02 1.207790957297230818e+02
1.275999999999999943e+02 1.159206314452193567e+02
1.277999999999999972e+02 1.210618046044714333e+02
1.280000000000000000e+02 1.172026167097381233e+02
1.281999999999999886e+02 1.173430692546847638e+02
1.284000000000000057e+02 1.144831637244458591e+02
1.285999999999999943e+02 1.136229015956868977e+02
1.288000000000000114e+02 1.157622843366663403e+02
1.290000000000000000e+02 1.149013134072962714e+02
1.291999999999999886e+02 1.140399902592031083e+02
1.294000000000000057e+02 1.151783163357875139e+02
1.295999999999999943e+02 1.123162930722836563e+02
1.298000000000000114e+02 1.104539218958184108e+02
1.300000000000000000e+02 1.145912042254693688e+02
1.301999999999999886e+02 1.057281414723230739e+02
1.304000000000000057e+02 1.138647350395321496e+02
1.305999999999999943e+02 1.100009863223722562e+02
1.308000000000000114e+02 1.101368967082984796e+02
1.310000000000000000e+02 1.082724675770010947e+02
1.311999999999999886e+02 1.064077003004611868e+02
1.314000000000000057e+02 1.105425962430053346e+02
1.315999999999999943e+02 1.076771567613601803e+02
1.318000000000000114e+02 1.038113832047064022e+02
1.320000000000000000e+02 1.099452769147320907e+02
1.321999999999999886e+02 1.050788392256860391e+02
1.324000000000000057e+02 1.032120714644300676e+02
1.325999999999999943e+02 1.063449749504913484e+02
1.328000000000000114e+02 1.014775509961139903e+02
1.330000000000000000e+02 1.026098009063103405e+02
1.331999999999999886e+02 1.017417259789116883e+02
1.334000000000000057e+02 1.038733275046188851e+02
1.335999999999999943e+02 1.010046067670519960e+02
1.338000000000000114e+02 1.011355650428000672e+02
1.340000000000000000e+02 1.022662036014699254e+02
1.341999999999999886e+02 9.839652370573529083e+01
1.344000000000000057e+02 9.752652661138466783e+01
1.345999999999999943e+02 9.765621356736932057e+01
1.348000000000000114e+02 9.778558581585090792e+01
1.350000000000000000e+02 9.891464459224818029e+01
1.351999999999999886e+02 9.604339112528404598e+01
1.354000000000000057e+02 9.717182663703158596e+01
1.355999999999999943e+02 9.429995234295992645e+01
1.358000000000000114e+02 9.642776945197991267e+01
1.360000000000000000e+02 9.155527916648904352e+01
1.361999999999999886e+02 9.168248268241632104e+01
1.364000000000000057e+02 9.880938118926658831e+01
1.365999999999999943e+02 9.293597587016446937e+01
1.368000000000000114e+02 8.906226790189813869e+01
1.370000000000000000e+02 9.118825845496238003e+01
1.371999999999999886e+02 9.131394869360170219e+01
1.374000000000000057e+02 9.243933977585277262e+01
1.375999999999999943e+02 8.956443285358662365e+01
1.378000000000000114e+02 8.768922907255054611e+01
1.380000000000000000e+02 8.981372957240958499e+01
1.381999999999999886e+02 8.793793548678766570e+01
1.384000000000000057e+02 8.606184794330852128e+01
1.385999999999999943e+02 8.718546806363599444e+01
1.388000000000000114e+02 8.730879696351448160e+01
1.390000000000000000e+02 8.543183575280838227e+01
1.391999999999999886e+02 8.455458553554203149e+01
1.394000000000000057e+02 8.367704740993855239e+01
1.395999999999999943e+02 8.579922246845887912e+01
1.398000000000000114e+02 8.392111179784023989e+01
1.400000000000000000e+02 8.204271647913441257e+01
1.401999999999999886e+02 8.416403758774566768e+01
1.404000000000000057e+02 8.228507619346834190e+01
1.405999999999999943e+02 8.240583336052421259e+01
1.408000000000000114e+02 6.752631014759938921e+01
1.410000000000000000e+02 8.064650760788120465e+01
1.411999999999999886e+02 8.076642678909439610e+01
1.414000000000000057e+02 8.088606873353754168e+01
1.415999999999999943e+02 7.900543447811850228e+01
1.418000000000000114e+02 8.012452505439034667e+01
1.420000000000000000e+02 7.824334148858631011e+01
1.421999999999999886e+02 7.536188480165498049e+01
1.424000000000000057e+02 8.048015600929488755e+01
1.425999999999999943e+02 7.459815612198897838e+01
1.428000000000000114e+02 7.671588614503866665e+01
1.430000000000000000e+02 7.783334707859788182e+01
1.431999999999999886e+02 7.495053991770649304e+01
1.434000000000000057e+02 7.906746565232378998e+01
1.435999999999999943e+02 7.418412526736142354e+01
1.438000000000000114e+02 7.430051974271640347e+01
1.440000000000000000e+02 7.441665005330341387e+01
1.441999999999999886e+02 7.453251716908735602e+01
1.444000000000000057e+02 7.264812205511523757e+01
1.445999999999999943e+02 7.476346567154797640e+01
1.448000000000000114e+02 7.387854897369203400e+01
1.450000000000000000e+02 7.199337291203053724e+01
1.451999999999999886e+02 7.110793843225457067e+01
1.454000000000000057e+02 7.222224647529381514e+01
1.455999999999999943e+02 7.233629797734701583e+01
1.458000000000000114e+02 7.245009386991264932e+01
1.460000000000000000e+02 6.956363507981865268e+01
1.461999999999999886e+02 6.967692252925252205e+01
1.464000000000000057e+02 7.078995713579081439e+01
1.465999999999999943e+02 6.890273981242853552e+01
1.468000000000000114e+02 7.201527146760849973e+01
1.470000000000000000e+02 6.812755300524995050e+01
1.471999999999999886e+02 6.723958532477749372e+01
1.474000000000000057e+02 7.335136932114968999e+01
1.475999999999999943e+02 6.746290588488702156e+01
1.478000000000000114e+02 6.757419590210022875e+01
1.480000000000000000e+02 6.568524025451802117e+01
1.481999999999999886e+02 6.679603981951470359e+01
1.484000000000000057e+02 6.790659547013765973e+01
1.485999999999999943e+02 6.601690807513458026e+01
1.488000000000000114e+02 6.412697849898032132e+01
1.490000000000000000e+02 6.523680760190387673e+01
1.491999999999999886e+02 6.534639623991481017e+01
1.494000000000000057e+02 6.445574526482980104e+01
1.495999999999999943e+02 6.556485552429867880e+01
1.498000000000000114e+02 6.367372786183051403e+01
1.500000000000000000e+02 6.678236311681936854e+01
1.501999999999999886e+02 6.189076212456993176e+01
1.504000000000000057e+02 6.699892571632287286e+01
1.505999999999999943e+02 6.210685471928005086e+01
1.508000000000000114e+02 6.221454995662963938e+01
1.510000000000000000e+02 6.232201224757079672e+01
1.511999999999999886e+02 6.242924240733847796e+01
1.514000000000000057e+02 6.353624124722773558e+01
1.515999999999999943e+02 6.064300957461813368e+01
1.518000000000000114e+02 6.374954819299782116e+01
1.520000000000000000e+02 6.085585790198726386e+01
1.521999999999999886e+02 6.096193949736334616e+01
1.524000000000000057e+02 6.206779377108256313e+01
1.525999999999999943e+02 6.017342151130463890e+01
1.528000000000000114e+02 6.027882350241560516e+01
1.530000000000000000e+02 6.138400052505099325e+01
1.531999999999999886e+02 5.948895335611845780e+01
1.534000000000000057e+02 5.659368276882074156e+01
1.535999999999999943e+02 6.169818953267807160e+01
1.538000000000000114e+02 5.880247441355052729e+01
1.540000000000000000e+02 5.990653817366018075e+01
1.541999999999999886e+02 5.401038157161326581e+01
1.544000000000000057e+02 6.011400536242203430e+01
1.545999999999999943e+02 5.921741029752629970e+01
1.548000000000000114e+02 5.432059712481520819e+01
1.550000000000000000e+02 6.042356658864849805e+01
1.551999999999999886e+02 5.652631942987778757e+01
1.554000000000000057e+02 5.462885638586763548e+01
1.555999999999999943e+02 5.773117819051645938e+01
1.558000000000000114e+02 5.783328557427739725e+01
1.560000000000000000e+02 5.293517926417877106e+01
1.561999999999999886e+02 5.803685998384477784e+01
1.564000000000000057e+02 5.613832845351561218e+01
1.565999999999999943e+02 5.623958539006770252e+01
1.568000000000000114e+02 5.534063150703390477e+01
1.570000000000000000e+02 5.644146751462308487e+01
1.571999999999999886e+02 5.054209411974015609e+01
1.574000000000000057e+02 5.664251202600551949e+01
1.575999999999999943e+02 5.174272193377453277e+01
1.578000000000000114e+02 5.384272454015692233e+01
1.580000000000000000e+02 5.694252053903582578e+01
1.581999999999999886e+02 5.004211062108694819e+01
1.584000000000000057e+02 5.514149547379746252e+01
1.585999999999999943e+02 5.324067578148466851e+01
1.588000000000000114e+02 5.333965222531477934e+01
1.590000000000000000e+02 5.343842548332131059e+01
1.591999999999999886e+02 5.353699623042348321e+01
1.594000000000000057e+02 4.963536513844459819e+01
1.595999999999999943e+02 5.273353287612982854e+01
1.598000000000000114e+02 5.083150010916457973e+01
1.600000000000000000e+02 5.192926750019204007e+01
1.601999999999999886e+02 5.102683570883111486e+01
1.604000000000000057e+02 5.312420539169386302e+01
1.605999999999999943e+02 4.822137720240314707e+01
1.608000000000000114e+02 5.131835179160984239e+01
1.610000000000000000e+02 5.041512980701008928e+01
1.611999999999999886e+02 5.151171189336254486e+01
1.614000000000000057e+02 4.960809869250519455e+01
1.615999999999999943e+02 4.970429084337224879e+01
1.618000000000000114e+02 4.880028898201108234e+01
1.620000000000000000e+02 4.889609374159854838e+01
1.621999999999999886e+02 4.999170575245784676e+01
1.624000000000000057e+02 4.608712564207462492e+01
1.625999999999999943e+02 4.918235403511346249e+01
1.628000000000000114e+02 4.727739155343401478e+01
1.630000000000000000e+02 4.937223881610688636e+01
1.631999999999999886e+02 4.746689643942991665e+01
1.634000000000000057e+02 4.856136503694376927e+01
1.635999999999999943e+02 4.565564521944764920e+01
1.638000000000000114e+02 4.774973759501514792e+01
1.640000000000000000e+02 4.584364276900944901e+01
1.641999999999999886e+02 4.593736134409905958e+01
1.644000000000000057e+02 4.403089392027281690e+01
1.645999999999999943e+02 4.612424109485527879e+01
1.648000000000000114e+02 4.721740346252167342e+01
1.650000000000000000e+02 4.331038161531300545e+01
1.651999999999999886e+02 4.340317614265086377e+01
1.654000000000000057e+02 4.449578763135224335e+01
1.655999999999999943e+02 4.358821666564415409e+01
1.658000000000000114e+02 4.668046382717822951e+01
1.660000000000000000e+02 4.477252969504530711e+01
1.661999999999999886e+02 4.286441484578962502e+01
1.664000000000000057e+02 3.895611985342324601e+01
1.665999999999999943e+02 4.604764528944012625e+01
1.668000000000000114e+02 4.113899172283035455e+01
1.670000000000000000e+02 4.323015972009399377e+01
1.671999999999999886e+02 4.132114984525503587e+01
1.674000000000000057e+02 4.141196265987522906e+01
1.675999999999999943e+02 4.350259872306772024e+01
1.678000000000000114e+02 4.059305859151079687e+01
1.680000000000000000e+02 4.168334281946118836e+01
1.681999999999999886e+02 4.277345195876772266e+01
1.684000000000000057e+02 4.186338655888459925e+01
1.685999999999999943e+02 3.795314716688456258e+01
1.688000000000000114e+02 4.004273432747214656e+01
1.690000000000000000e+02 3.813214858299669174e+01
1.691999999999999886e+02 4.222139047346541929e+01
1.694000000000000057e+02 3.831046053655626338e+01
1.695999999999999943e+02 4.039935930763063254e+01
1.698000000000000114e+02 3.848808731974628472e+01
1.700000000000000000e+02 3.957664510366981858e+01
1.701999999999999886e+02 3.966503318788933541e+01
1.704000000000000057e+02 3.875325209862690201e+01
1.705999999999999943e+02 3.784130235985081470e+01
1.708000000000000114e+02 3.792918449328813324e+01
1.710000000000000000e+02 3.701689901843670327e+01
1.711999999999999886e+02 4.010444645257740603e+01
1.714000000000000057e+02 3.419182731078620918e+01
1.715999999999999943e+02 4.127904210594613232e+01
1.718000000000000114e+02 3.436609134875918414e+01
1.720000000000000000e+02 3.745297554775815740e+01
1.721999999999999886e+02 3.653969520931839554e+01
1.724000000000000057e+02 3.662625083766951661e+01
1.725999999999999943e+02 3.671264293490685304e+01
1.728000000000000114e+02 3.379887200100317557e+01
1.730000000000000000e+02 3.788493853381997667e+01
1.731999999999999886e+02 3.697084302911895293e+01
1.734000000000000057e+02 3.505658598057320319e+01
1.735999999999999943e+02 3.514216787977852618e+01
1.738000000000000114e+02 3.622758921626453343e+01
1.740000000000000000e+02 3.531285047750570527e+01
1.741999999999999886e+02 3.439795214893244690e+01
1.744000000000000057e+02 3.448289471394198813e+01
1.745999999999999943e+02 3.556767865390921202e+01
1.748000000000000114e+02 3.465230444819755462e+01
1.750000000000000000e+02 3.173677257416956365e+01
1.751999999999999886e+02 3.382108350719764189e+01
1.754000000000000057e+02 3.390523772067470532e+01
1.755999999999999943e+02 3.598923568602452860e+01
1.758000000000000114e+02 3.307307787271233224e+01
1.760000000000000000e+02 3.015676474825504272e+01
1.761999999999999886e+02 3.424029677823169493e+01
1.764000000000000057e+02 3.432367442629366394e+01
1.765999999999999943e+02 3.140689815417479736e+01
1.768000000000000114e+02 3.748996842170156185e+01
1.770000000000000000e+02 3.057288568680309027e+01
1.771999999999999886e+02 3.265565040552118603e+01
1.774000000000000057e+02 3.373826303202017129e+01
1.775999999999999943e+02 3.082072401859684874e+01
1.778000000000000114e+02 3.090303381569023600e+01
1.780000000000000000e+02 3.298519287189121485e+01
1.781999999999999886e+02 3.206720163395240775e+01
1.784000000000000057e+02 3.114906054679759961e+01
1.785999999999999943e+02 3.123077005353134439e+01
1.788000000000000114e+02 3.131233059544854314e+01
1.790000000000000000e+02 3.039374261204369532e+01
1.791999999999999886e+02 3.147500654102039164e+01
1.794000000000000057e+02 2.855612281830060795e+01
1.795999999999999943e+02 2.963709187803388545e+01
1.798000000000000114e+02 3.171791415260666724e+01
1.800000000000000000e+02 3.079859007265119430e+01
1.801999999999999886e+02 2.987912006705484202e+01
1.804000000000000057e+02 2.895950456296900200e+01
1.805999999999999943e+02 3.003974398581797800e+01
1.808000000000000114e+02 2.811983875930805254e+01
1.810000000000000000e+02 2.919978930543621232e+01
1.811999999999999886e+02 -1.166204039555009757e+02
