# energy (eV)  EELS (a.u)
2.600000000000000089e+00 8.057332095430319896e+01
2.800000999999999962e+00 -7.436316933813031937e+00
3.000000000000000000e+00 -6.835987784186227145e+01
3.200000999999999873e+00 -5.351552038975478354e+01
3.399999999999999911e+00 1.995148477726615965e-02
3.600000000000000089e+00 7.413211723794393038e+01
3.800000999999999962e+00 1.558280403594417294e+02
4.000000000000000000e+00 2.456606800046756689e+02
4.200001000000000317e+00 3.244190534177714653e+02
4.400000000000000355e+00 3.955541084459928243e+02
4.599999999999999645e+00 4.690121934869266624e+02
4.800000999999999962e+00 5.397226182669940044e+02
5.000000000000000000e+00 6.069094256192188368e+02
5.200001000000000317e+00 6.752979023253717514e+02
5.400000000000000355e+00 7.472439606979860400e+02
5.599999999999999645e+00 8.148336881382651882e+02
5.800000999999999962e+00 8.789455345595636118e+02
6.000000000000000000e+00 9.372983147555792129e+02
6.200001000000000317e+00 9.954887334813922735e+02
6.400000000000000355e+00 1.046013416227441894e+03
6.599999999999999645e+00 1.093292323917985868e+03
6.800000999999999962e+00 1.135681368372734141e+03
7.000000000000000000e+00 1.168484330455593636e+03
7.200001000000000317e+00 1.195963858671981143e+03
7.400001999999999747e+00 1.226346306476777499e+03
7.600001999999999924e+00 1.248828884239981107e+03
7.799998999999999683e+00 1.272584001304498315e+03
8.000000000000000000e+00 1.296764423473189709e+03
8.200001000000000317e+00 1.322503560510566331e+03
8.400002000000000635e+00 1.353920208920912955e+03
8.600001999999999924e+00 1.383119978212149817e+03
8.799998999999999683e+00 1.416197096789127727e+03
9.000000000000000000e+00 1.450236953473726999e+03
9.200001000000000317e+00 1.477315180252697246e+03
9.400002000000000635e+00 1.513500388405346257e+03
9.600001999999999924e+00 1.553854536642453013e+03
9.799998999999999683e+00 1.583433728918702855e+03
1.000000000000000000e+01 1.618289724519009724e+03
1.019999999999999929e+01 1.655468699328821685e+03
1.040000000000000036e+01 1.684013316869890787e+03
1.059999999999999964e+01 1.717962553276451217e+03
1.080000000000000071e+01 1.741352162523196967e+03
1.100000000000000000e+01 1.763215008178098287e+03
1.119999999999999929e+01 1.778581354557987652e+03
1.140000000000000036e+01 1.792479123009596833e+03
1.159999999999999964e+01 1.804934118130053776e+03
1.180000000000000071e+01 1.820970227992025229e+03
1.200000000000000000e+01 1.833609601818905503e+03
1.219999999999999929e+01 1.852872808040455993e+03
1.240000000000000036e+01 1.863778975229639173e+03
1.259999999999999964e+01 1.880345918061640532e+03
1.280000000000000071e+01 1.900590250133749805e+03
1.300000000000000000e+01 1.916527485229837339e+03
1.319999999999999929e+01 1.939172128397492543e+03
1.340000000000000036e+01 1.960537758022832804e+03
1.359999999999999964e+01 1.980637099932167303e+03
1.380000000000000071e+01 2.008482094416639256e+03
1.400000000000000000e+01 2.040083956962044340e+03
1.419999999999999929e+01 2.063453233368201836e+03
1.440000000000000036e+01 2.091599849858045218e+03
1.459999999999999964e+01 2.124533158703917707e+03
1.480000000000000071e+01 2.157261979835673628e+03
1.500000000000000000e+01 2.191794638840650350e+03
1.519999999999999929e+01 2.223139001718164309e+03
1.540000000000000036e+01 2.251302506709881527e+03
1.559999999999999964e+01 2.292292193491350190e+03
1.580000000000000071e+01 2.328114729978430205e+03
1.600000000000000000e+01 2.365776436974690114e+03
1.619999999999999929e+01 2.398283310861536393e+03
1.639999999999999858e+01 2.440641044511457494e+03
1.660000000000000142e+01 2.476855046585905257e+03
1.680000000000000071e+01 2.519930459362663896e+03
1.700000000000000000e+01 2.556872175222828446e+03
1.719999999999999929e+01 2.594684851914435967e+03
1.739999999999999858e+01 2.625372926698191350e+03
1.760000000000000142e+01 2.668940629470409476e+03
1.780000000000000071e+01 2.696391994949099626e+03
1.800000000000000000e+01 2.735730874000927543e+03
1.819999999999999929e+01 2.765960944179450962e+03
1.839999999999999858e+01 2.793085719538475132e+03
1.860000000000000142e+01 2.817108559778506333e+03
1.880000000000000071e+01 2.846032678779001799e+03
1.900000000000000000e+01 2.859861152564386430e+03
1.919999999999999929e+01 2.879596926747546604e+03
1.939999999999999858e+01 2.889242823490670162e+03
1.960000000000000142e+01 2.893801548019852362e+03
1.980000000000000071e+01 2.901275694726748952e+03
2.000000000000000000e+01 2.904667752887743063e+03
2.019999999999999929e+01 2.897980112028530584e+03
2.039999999999999858e+01 2.892215066959722208e+03
2.060000000000000142e+01 2.881374822506935743e+03
2.080000000000000071e+01 2.860461497956976928e+03
2.100000000000000000e+01 2.844477131239936170e+03
2.119999999999999929e+01 2.819423682865482988e+03
2.139999999999999858e+01 2.794303039630173771e+03
2.160000000000000142e+01 2.772117018111294783e+03
2.180000000000000071e+01 2.739867367961560831e+03
2.200000000000000000e+01 2.714555775017891392e+03
2.219999999999999929e+01 2.683183864236488262e+03
2.239999999999999858e+01 2.654753202465527465e+03
2.260000000000000142e+01 2.629265301065936910e+03
2.280000000000000071e+01 2.598721618389952255e+03
2.300000000000000000e+01 2.577123562126461820e+03
2.319999999999999929e+01 2.556472491521471056e+03
2.339999999999999858e+01 2.534769719481449556e+03
2.360000000000000142e+01 2.522016514566761998e+03
2.380000000000000071e+01 2.506214102881873259e+03
2.400000000000000000e+01 2.496363669868571833e+03
2.419999999999999929e+01 2.486466362008004126e+03
2.439999999999999858e+01 2.483523288436938401e+03
2.460000000000000142e+01 2.481535522483291061e+03
2.480000000000000071e+01 2.479504103125626443e+03
2.500000000000000000e+01 2.484430036381015725e+03
2.519999999999999929e+01 2.482314296625365841e+03
2.539999999999999858e+01 2.493157827850041031e+03
2.560000000000000142e+01 2.497961544858376328e+03
2.580000000000000071e+01 2.500726334405427679e+03
2.600000000000000000e+01 2.509453056284108243e+03
2.619999999999999929e+01 2.516142544360649936e+03
2.639999999999999858e+01 2.520795607562155510e+03
2.660000000000000142e+01 2.522413030818819607e+03
2.680000000000000071e+01 2.516995575963257579e+03
2.700000000000000000e+01 2.516543982589215375e+03
2.719999999999999929e+01 2.504058968871804609e+03
2.739999999999999858e+01 2.497541232351273720e+03
2.760000000000000142e+01 2.484991450682213326e+03
2.780000000000000071e+01 2.463410282349964746e+03
2.800000000000000000e+01 2.443798367355925166e+03
2.819999999999999929e+01 2.422156327873307418e+03
2.839999999999999858e+01 2.400484768874858673e+03
2.860000000000000142e+01 2.367784278733925930e+03
2.880000000000000071e+01 2.334055429800201182e+03
2.900000000000000000e+01 2.293298778951379973e+03
2.919999999999999929e+01 2.265514868121922973e+03
2.939999999999999858e+01 2.224704224810023334e+03
2.960000000000000142e+01 2.196867362563828920e+03
2.980000000000000071e+01 2.154004781447915775e+03
3.000000000000000000e+01 2.121116968490948238e+03
3.019999999999999929e+01 2.080204398115407912e+03
3.039999999999999858e+01 2.053267532550239139e+03
3.060000000000000142e+01 2.017306822227196562e+03
3.080000000000000071e+01 1.988322706161653741e+03
3.100000000000000000e+01 1.963315612318578587e+03
3.119999999999999929e+01 1.934285957964356157e+03
3.139999999999999858e+01 1.908234150005095216e+03
3.160000000000000142e+01 1.885160585312027479e+03
3.180000000000000071e+01 1.862065651034573193e+03
3.200000000000000000e+01 1.842949724901622403e+03
3.220000000000000284e+01 1.819813175511546888e+03
3.239999999999999858e+01 1.794656362611438681e+03
3.260000000000000142e+01 1.778479637366041970e+03
3.279999999999999716e+01 1.761283342616821301e+03
3.300000000000000000e+01 1.743067813131594448e+03
3.320000000000000284e+01 1.726833375845122873e+03
3.339999999999999858e+01 1.707580350091053788e+03
3.360000000000000142e+01 1.691309047825566722e+03
3.379999999999999716e+01 1.675019773843079975e+03
3.400000000000000000e+01 1.659712825984341180e+03
3.420000000000000284e+01 1.642388495337218501e+03
3.439999999999999858e+01 1.624047066430493487e+03
3.460000000000000142e+01 1.612688817420936857e+03
3.479999999999999716e+01 1.599314020273943470e+03
3.500000000000000000e+01 1.583922940937983412e+03
3.520000000000000284e+01 1.568515839513119090e+03
3.539999999999999858e+01 1.557092970413820694e+03
3.560000000000000142e+01 1.546654582526310605e+03
3.579999999999999716e+01 1.527200919360647731e+03
3.600000000000000000e+01 1.516732219197759377e+03
3.620000000000000284e+01 1.503248715231616870e+03
3.639999999999999858e+01 1.495750635706742287e+03
3.660000000000000142e+01 1.479238204051225694e+03
3.679999999999999716e+01 1.468711639005425241e+03
3.700000000000000000e+01 1.456171154746512684e+03
3.720000000000000284e+01 1.449616961009020997e+03
3.739999999999999858e+01 1.434049263201548456e+03
3.760000000000000142e+01 1.421468262519754262e+03
3.779999999999999716e+01 1.409874156055794629e+03
3.800000000000000000e+01 1.398267136904318932e+03
3.820000000000000284e+01 1.388647394265162347e+03
3.839999999999999858e+01 1.375015113542848894e+03
3.860000000000000142e+01 1.367370476443024472e+03
3.879999999999999716e+01 1.351713661065928818e+03
3.900000000000000000e+01 1.345044841997013464e+03
3.920000000000000284e+01 1.331364190394808020e+03
3.939999999999999858e+01 1.319671874076132781e+03
3.960000000000000142e+01 1.311968057598749738e+03
3.979999999999999716e+01 1.298252902341544313e+03
4.000000000000000000e+01 1.288526566582322857e+03
4.020000000000000284e+01 1.278789205573309573e+03
4.039999999999999858e+01 1.269040971614421778e+03
4.060000000000000142e+01 1.259282014124401485e+03
4.079999999999999716e+01 1.247512479709873560e+03
4.100000000000000000e+01 1.238732512232407089e+03
4.120000000000000284e+01 1.233942252873639063e+03
4.139999999999999858e+01 1.219141840198535647e+03
4.160000000000000142e+01 1.212331410216844006e+03
4.179999999999999716e+01 1.202511096442804046e+03
4.200000000000000000e+01 1.195681029953169173e+03
4.220000000000000284e+01 1.186841339443600191e+03
4.239999999999999858e+01 1.178992151283479870e+03
4.260000000000000142e+01 1.171133589569202059e+03
4.279999999999999716e+01 1.163265776175986502e+03
4.300000000000000000e+01 1.156388830808265084e+03
4.320000000000000284e+01 1.146502871048685392e+03
4.339999999999999858e+01 1.144608012405778254e+03
4.360000000000000142e+01 1.133704368360330136e+03
4.379999999999999716e+01 1.125792050410501588e+03
4.400000000000000000e+01 1.118871168115732644e+03
4.420000000000000284e+01 1.112941829139472247e+03
4.439999999999999858e+01 1.103004139290769217e+03
4.460000000000000142e+01 1.101058202564759767e+03
4.479999999999999716e+01 1.094104121182086146e+03
4.500000000000000000e+01 1.087141995627280721e+03
4.520000000000000284e+01 1.078171924686143939e+03
4.539999999999999858e+01 1.075194005482150942e+03
4.560000000000000142e+01 1.068208333511914134e+03
4.579999999999999716e+01 1.064215002679730333e+03
4.600000000000000000e+01 1.060214105331241171e+03
4.620000000000000284e+01 1.049205732286234479e+03
4.639999999999999858e+01 1.046189972870607107e+03
4.660000000000000142e+01 1.041166914947522400e+03
4.679999999999999716e+01 1.037136644947779132e+03
4.700000000000000000e+01 1.033099247899417378e+03
4.720000000000000284e+01 1.024054807456587241e+03
4.739999999999999858e+01 1.022003405927695667e+03
4.760000000000000142e+01 1.012945124302858403e+03
4.779999999999999716e+01 1.008880042280672569e+03
4.800000000000000000e+01 1.004808238294333364e+03
4.820000000000000284e+01 9.987297895371107188e+02
4.839999999999999858e+01 9.916447719872062407e+02
4.860000000000000142e+01 9.885532604320067094e+02
4.879999999999999716e+01 9.834553284917534484e+02
4.900000000000000000e+01 9.753510486426400803e+02
4.920000000000000284e+01 9.732404922393600373e+02
4.939999999999999858e+01 9.641237295371147411e+02
4.960000000000000142e+01 9.620008297130999608e+02
4.979999999999999716e+01 9.588718608874839902e+02
5.000000000000000000e+01 9.497368901438926514e+02
5.020000000000000284e+01 9.465959835494124945e+02
5.039999999999999858e+01 9.384492061741291309e+02
5.060000000000000142e+01 9.342966221102090003e+02
5.079999999999999716e+01 9.311382944905411705e+02
5.100000000000000000e+01 9.239742855069479219e+02
5.120000000000000284e+01 9.158046564279775339e+02
5.139999999999999858e+01 9.106294676162905262e+02
5.160000000000000142e+01 9.044487785456487927e+02
5.179999999999999716e+01 9.002626478175196780e+02
5.200000000000000000e+01 8.950711331773056827e+02
5.220000000000000284e+01 8.918742915302068468e+02
5.239999999999999858e+01 8.816721789567292262e+02
5.260000000000000142e+01 8.784648507278466241e+02
5.279999999999999716e+01 8.762523613198237626e+02
5.300000000000000000e+01 8.680347644287134017e+02
5.320000000000000284e+01 8.608121129845309270e+02
5.339999999999999858e+01 8.565844591651189148e+02
5.360000000000000142e+01 8.513518544097078120e+02
5.379999999999999716e+01 8.491143494321801199e+02
5.400000000000000000e+01 8.408719942340469515e+02
5.420000000000000284e+01 8.356248381171435540e+02
5.439999999999999858e+01 8.283729296960507327e+02
5.460000000000000142e+01 8.311163169102496795e+02
5.479999999999999716e+01 8.208550470360162308e+02
5.500000000000000000e+01 8.145891666980623995e+02
5.520000000000000284e+01 8.133187218809293881e+02
5.539999999999999858e+01 8.070437579401409494e+02
5.560000000000000142e+01 8.047643196131195964e+02
5.579999999999999716e+01 8.014804510298756668e+02
5.600000000000000000e+01 7.941921957234711726e+02
5.620000000000000284e+01 7.888995966402662816e+02
5.639999999999999858e+01 7.886026961499524077e+02
5.660000000000000142e+01 7.823015360553774826e+02
5.679999999999999716e+01 7.789961576021698875e+02
5.700000000000000000e+01 7.766866014881629781e+02
5.720000000000000284e+01 7.723729078726271382e+02
5.739999999999999858e+01 7.690551163853147045e+02
5.760000000000000142e+01 7.657332661353191270e+02
5.779999999999999716e+01 7.604073957197564368e+02
5.800000000000000000e+01 7.610775432322697043e+02
5.820000000000000284e+01 7.557437462713644436e+02
5.839999999999999858e+01 7.564060419485754210e+02
5.860000000000000142e+01 7.500644668964714583e+02
5.879999999999999716e+01 7.457190572764998251e+02
5.900000000000000000e+01 7.443698487866766982e+02
5.920000000000000284e+01 7.410168766691236897e+02
5.939999999999999858e+01 7.416601757174578324e+02
5.960000000000000142e+01 7.372997802840352506e+02
5.979999999999999716e+01 7.309357242870539721e+02
6.000000000000000000e+01 7.355680412175179299e+02
6.020000000000000284e+01 7.251967641460660161e+02
6.039999999999999858e+01 7.258219257296686919e+02
6.060000000000000142e+01 7.214435582181952213e+02
6.079999999999999716e+01 7.180616934608556221e+02
6.100000000000000000e+01 7.166763629125184707e+02
6.120000000000000284e+01 7.122885976399076071e+02
6.139999999999999858e+01 7.098954283276824526e+02
6.160000000000000142e+01 7.074998852844016710e+02
6.179999999999999716e+01 7.041009984483739572e+02
6.200000000000000000e+01 6.976987973934008096e+02
6.220000000000000284e+01 6.962933113344081448e+02
6.239999999999999858e+01 6.938845691329754573e+02
6.260000000000000142e+01 6.914725993027602726e+02
6.279999999999999716e+01 6.860574300148218754e+02
6.300000000000000000e+01 6.816390891028474925e+02
6.320000000000000284e+01 6.772176040682802522e+02
6.339999999999999858e+01 6.747930020853541464e+02
6.360000000000000142e+01 6.713653100060362249e+02
6.379999999999999716e+01 6.679345543648780676e+02
6.400000000000000000e+01 6.635007613837789222e+02
6.420000000000000284e+01 6.610639569766626664e+02
6.440000000000000568e+01 6.546241667540698472e+02
6.459999999999999432e+01 6.561814160276665007e+02
6.479999999999999716e+01 6.457357298146719131e+02
6.500000000000000000e+01 6.472871328422079387e+02
6.520000000000000284e+01 6.418356495515688493e+02
6.540000000000000568e+01 6.393813041024162658e+02
6.559999999999999432e+01 6.339241203768990545e+02
6.579999999999999716e+01 6.324641219837010340e+02
6.600000000000000000e+01 6.310013322620154668e+02
6.620000000000000284e+01 6.225357742854512253e+02
6.640000000000000568e+01 6.200674708658699501e+02
6.659999999999999432e+01 6.185964445571557917e+02
6.679999999999999716e+01 6.151227176589195551e+02
6.700000000000000000e+01 6.116463122201381566e+02
6.720000000000000284e+01 6.071672500427318937e+02
6.740000000000000568e+01 6.036855526850788465e+02
6.759999999999999432e+01 6.022012414654686836e+02
6.779999999999999716e+01 5.987143374654988293e+02
6.800000000000000000e+01 5.982248615334099213e+02
6.820000000000000284e+01 5.927328342873664724e+02
6.840000000000000568e+01 5.922382761186802327e+02
6.859999999999999432e+01 5.857412071949802339e+02
6.879999999999999716e+01 5.872416474633276948e+02
6.900000000000000000e+01 5.817396166532793131e+02
6.920000000000000284e+01 5.772351342798990572e+02
6.940000000000000568e+01 5.777282196467190261e+02
6.959999999999999432e+01 5.762188918486505145e+02
6.979999999999999716e+01 5.717071697748483530e+02
7.000000000000000000e+01 5.711930721115245433e+02
7.020000000000000284e+01 5.626766173447183519e+02
7.040000000000000568e+01 5.611578237630189960e+02
7.059999999999999432e+01 5.616367094602429688e+02
7.079999999999999716e+01 5.571132923380694137e+02
7.100000000000000000e+01 5.505875901086302520e+02
7.120000000000000284e+01 5.530596202970591548e+02
7.140000000000000568e+01 5.485294002439984524e+02
7.159999999999999432e+01 5.469969471080656831e+02
7.179999999999999716e+01 5.424622778682803528e+02
7.200000000000000000e+01 5.419254093264505627e+02
7.220000000000000284e+01 5.373863581095224617e+02
7.240000000000000568e+01 5.388451406718914996e+02
7.259999999999999432e+01 5.363017732976755951e+02
7.279999999999999716e+01 5.287562721029543127e+02
7.300000000000000000e+01 5.312086530379699525e+02
7.320000000000000284e+01 5.286589318892953315e+02
7.340000000000000568e+01 5.261071242819668896e+02
7.359999999999999432e+01 5.245532456815831210e+02
7.379999999999999716e+01 5.239973113963720834e+02
7.400000000000000000e+01 5.254393365792238910e+02
7.420000000000000284e+01 5.248793362296933083e+02
7.440000000000000568e+01 5.253173251959703975e+02
7.459999999999999432e+01 5.227533181768203576e+02
7.479999999999999716e+01 5.261873297234935762e+02
7.500000000000000000e+01 5.246193742416057830e+02
7.520000000000000284e+01 5.280494659929890986e+02
7.540000000000000568e+01 5.294776190975152304e+02
7.559999999999999432e+01 5.309038475348902466e+02
7.579999999999999716e+01 5.333281651464212700e+02
7.600000000000000000e+01 5.307505856367571369e+02
7.620000000000000284e+01 5.341711225756023396e+02
7.640000000000000568e+01 5.295897893994044807e+02
7.659999999999999432e+01 5.340065994130161471e+02
7.679999999999999716e+01 5.344215657913327959e+02
7.700000000000000000e+01 5.348347015809042659e+02
7.720000000000000284e+01 5.342460197015229824e+02
7.740000000000000568e+01 5.356555329477891974e+02
7.759999999999999432e+01 5.340632539906503098e+02
7.779999999999999716e+01 5.374691953789205172e+02
7.800000000000000000e+01 5.358733695407747746e+02
7.820000000000000284e+01 5.382757887852229715e+02
7.840000000000000568e+01 5.376764653035605761e+02
7.859999999999999432e+01 5.410754111707992706e+02
7.879999999999999716e+01 5.374726383470751898e+02
7.900000000000000000e+01 5.398681586790377196e+02
7.920000000000000284e+01 5.402619839012171497e+02
7.940000000000000568e+01 5.376541256373725446e+02
7.959999999999999432e+01 5.380445954018200609e+02
7.979999999999999716e+01 5.344334046007423922e+02
8.000000000000000000e+01 5.378205645334778637e+02
8.020000000000000284e+01 5.312060863937927024e+02
8.040000000000000568e+01 5.345899812711335244e+02
8.059999999999999432e+01 5.319722601518626561e+02
8.079999999999999716e+01 5.313529339204753796e+02
8.100000000000000000e+01 5.277320133607995558e+02
8.120000000000000284e+01 5.301095091571787634e+02
8.140000000000000568e+01 5.244854318956381576e+02
8.159999999999999432e+01 5.258597920650335027e+02
8.179999999999999716e+01 5.252326000581845165e+02
8.200000000000000000e+01 5.236038661729920705e+02
8.220000000000000284e+01 5.219736006135392472e+02
8.240000000000000568e+01 5.213418134911771631e+02
8.259999999999999432e+01 5.177085148255958984e+02
8.279999999999999716e+01 5.190737145458798523e+02
8.300000000000000000e+01 5.174374224915486593e+02
8.320000000000000284e+01 5.127996484135837818e+02
8.340000000000000568e+01 5.151604019754404362e+02
8.359999999999999432e+01 5.075196927540457636e+02
8.379999999999999716e+01 5.138775302407834715e+02
8.400000000000000000e+01 5.062339238424642645e+02
8.420000000000000284e+01 5.055888828822832011e+02
8.440000000000000568e+01 5.039424166007643180e+02
8.459999999999999432e+01 5.002945341566918387e+02
8.479999999999999716e+01 5.016452446280286495e+02
8.500000000000000000e+01 4.959945570128226109e+02
8.520000000000000284e+01 4.993424802301004775e+02
8.540000000000000568e+01 4.966890231207493684e+02
8.559999999999999432e+01 4.930341944483865291e+02
8.579999999999999716e+01 4.903780029002177798e+02
8.600000000000000000e+01 4.847204570878834602e+02
8.620000000000000284e+01 4.860615655482940269e+02
8.640000000000000568e+01 4.844013367444537153e+02
8.659999999999999432e+01 4.807397790662737407e+02
8.679999999999999716e+01 4.820769008313740187e+02
8.700000000000000000e+01 4.764127102858749936e+02
8.720000000000000284e+01 4.767472156051784395e+02
8.740000000000000568e+01 4.720804248947378028e+02
8.759999999999999432e+01 4.714123461908191075e+02
8.779999999999999716e+01 4.677429874612510048e+02
8.800000000000000000e+01 4.650723566061653287e+02
8.820000000000000284e+01 4.644004614587280457e+02
8.840000000000000568e+01 4.597273097858605411e+02
8.859999999999999432e+01 4.600529092889511844e+02
8.879999999999999716e+01 4.573772676045583694e+02
8.900000000000000000e+01 4.527003923051034917e+02
8.920000000000000284e+01 4.530222908995558555e+02
8.940000000000000568e+01 4.483429708341076321e+02
8.959999999999999432e+01 4.476624394928415995e+02
8.979999999999999716e+01 4.479807041983888212e+02
9.000000000000000000e+01 4.442977722125785363e+02
9.020000000000000284e+01 4.426136507370799791e+02
9.040000000000000568e+01 4.399283469140353873e+02
9.059999999999999432e+01 4.352418678266853362e+02
9.079999999999999716e+01 4.365542204999862292e+02
9.100000000000000000e+01 4.308654119012192041e+02
9.120000000000000284e+01 4.301754489405924460e+02
9.140000000000000568e+01 4.284843384718346897e+02
9.159999999999999432e+01 4.277920872927822984e+02
9.179999999999999716e+01 4.240987021459583843e+02
9.200000000000000000e+01 4.214041897191443695e+02
9.220000000000000284e+01 4.167085566459452934e+02
9.240000000000000568e+01 4.170118095063471060e+02
9.259999999999999432e+01 4.173139548272676507e+02
9.279999999999999716e+01 4.146149990831005425e+02
9.300000000000000000e+01 4.089149486962522246e+02
9.320000000000000284e+01 4.132138100376723742e+02
9.340000000000000568e+01 4.125115894273778849e+02
9.359999999999999432e+01 4.048082931349705405e+02
9.379999999999999716e+01 4.051039273801476952e+02
9.400000000000000000e+01 4.063984983332073853e+02
9.420000000000000284e+01 4.016920121155468451e+02
9.440000000000000568e+01 3.989844748001547714e+02
9.459999999999999432e+01 4.022758924120981874e+02
9.479999999999999716e+01 3.945662709290029966e+02
9.500000000000000000e+01 3.998556162815282846e+02
9.520000000000000284e+01 3.961439343538357889e+02
9.540000000000000568e+01 3.954312309840527178e+02
9.559999999999999432e+01 3.957175119647299653e+02
9.579999999999999716e+01 3.910027830432939027e+02
9.600000000000000000e+01 3.912870499224932246e+02
9.620000000000000284e+01 3.925703182608402244e+02
9.640000000000000568e+01 3.888525936730472949e+02
9.659999999999999432e+01 3.881338817304572331e+02
9.679999999999999716e+01 3.864141879614693380e+02
9.700000000000000000e+01 3.886935178519601664e+02
9.720000000000000284e+01 3.829718768456988300e+02
9.740000000000000568e+01 3.862492703447580880e+02
9.759999999999999432e+01 3.835257037099202080e+02
9.779999999999999716e+01 3.818011822610777699e+02
9.800000000000000000e+01 3.800757112776305462e+02
9.820000000000000284e+01 3.793492959988768689e+02
9.840000000000000568e+01 3.816219416244006197e+02
9.859999999999999432e+01 3.748936533144545251e+02
9.879999999999999716e+01 3.791644361903374829e+02
9.900000000000000000e+01 3.764342953347685921e+02
9.920000000000000284e+01 3.757032357922568053e+02
9.940000000000000568e+01 3.739712625694656936e+02
9.959999999999999432e+01 3.732383806355742308e+02
9.979999999999999716e+01 3.725045949226339417e+02
1.000000000000000000e+02 3.717699103259209323e+02
1.002000000000000028e+02 3.710343317042847957e+02
1.004000000000000057e+02 3.682978638804929687e+02
1.005999999999999943e+02 3.675605116415712246e+02
1.007999999999999972e+02 3.668222797391406402e+02
1.010000000000000000e+02 3.670831728897499033e+02
1.012000000000000028e+02 3.663431957752048902e+02
1.014000000000000057e+02 3.646023530428934691e+02
1.015999999999999943e+02 3.658606493061075753e+02
1.017999999999999972e+02 3.641180891443607379e+02
1.020000000000000000e+02 3.613746771037026519e+02
1.022000000000000028e+02 3.606304176970298840e+02
1.024000000000000057e+02 3.588853154043933955e+02
1.025999999999999943e+02 3.591393746733019725e+02
1.027999999999999972e+02 3.583925999190231551e+02
1.030000000000000000e+02 3.566449955248800734e+02
1.032000000000000028e+02 3.558965658425452148e+02
1.034000000000000057e+02 3.571473151923307796e+02
1.035999999999999943e+02 3.543972478634763661e+02
1.037999999999999972e+02 3.536463681144325619e+02
1.040000000000000000e+02 3.508946801731423193e+02
1.042000000000000028e+02 3.541421882373181234e+02
1.044000000000000057e+02 3.533888964747173986e+02
1.045999999999999943e+02 3.476348090234139363e+02
1.047999999999999972e+02 3.498799299920666499e+02
1.050000000000000000e+02 3.481242634601851478e+02
1.052000000000000028e+02 3.483678134783930886e+02
1.054000000000000057e+02 3.436105840686876149e+02
1.055999999999999943e+02 3.478525792246969104e+02
1.057999999999999972e+02 3.440938029119344037e+02
1.060000000000000000e+02 3.453342590680503008e+02
1.062000000000000028e+02 3.435739516030805589e+02
1.064000000000000057e+02 3.428128843996930186e+02
1.065999999999999943e+02 3.430510613134308073e+02
1.067999999999999972e+02 3.412884861729534123e+02
1.070000000000000000e+02 3.405251627802748544e+02
1.072000000000000028e+02 3.377610949109991907e+02
1.074000000000000057e+02 3.409962863145541405e+02
1.075999999999999943e+02 3.392307407144214721e+02
1.077999999999999972e+02 3.364644618083653995e+02
1.080000000000000000e+02 3.376974532686582506e+02
1.082000000000000028e+02 3.369297187423039759e+02
1.084000000000000057e+02 3.311612618512589847e+02
1.085999999999999943e+02 3.313920861926510497e+02
1.087999999999999972e+02 3.366221953389955388e+02
1.090000000000000000e+02 3.318515928384094877e+02
1.092000000000000028e+02 3.300802822148234554e+02
1.094000000000000057e+02 3.303082669681912762e+02
1.095999999999999943e+02 3.315355505746969129e+02
1.097999999999999972e+02 3.277621364869602303e+02
1.100000000000000000e+02 3.279880281342399826e+02
1.102000000000000028e+02 3.262132289226343573e+02
1.104000000000000057e+02 3.284377422352802114e+02
1.105999999999999943e+02 3.256615714325496924e+02
1.107999999999999972e+02 3.228847198522449844e+02
1.110000000000000000e+02 3.251071908097911205e+02
1.112000000000000028e+02 3.233289875984264654e+02
1.114000000000000057e+02 3.225501134893916060e+02
1.115999999999999943e+02 3.237705717321161956e+02
1.117999999999999972e+02 3.229903655544038088e+02
1.120000000000000000e+02 3.212094981626147501e+02
1.122000000000000028e+02 3.194279727418473840e+02
1.124000000000000057e+02 3.226457924561171922e+02
1.125999999999999943e+02 3.168629604485341815e+02
1.127999999999999972e+02 3.190794798414787579e+02
1.130000000000000000e+02 3.182953537367752119e+02
1.132000000000000028e+02 3.165105852158637845e+02
1.134000000000000057e+02 3.187251773399713102e+02
1.135999999999999943e+02 3.139391331502793037e+02
1.137999999999999972e+02 3.161524556680911928e+02
1.140000000000000000e+02 3.143651478949972216e+02
1.142000000000000028e+02 3.125772128130383862e+02
1.144000000000000057e+02 3.157886533848677573e+02
1.145999999999999943e+02 3.129994725539111187e+02
1.147999999999999972e+02 3.142096732445255611e+02
1.150000000000000000e+02 3.114192583621563699e+02
1.152000000000000028e+02 3.086282307934926621e+02
1.154000000000000057e+02 3.098365934066213185e+02
1.155999999999999943e+02 3.090443490511791538e+02
1.157999999999999972e+02 3.102515005585042331e+02
1.160000000000000000e+02 3.064580507417848594e+02
1.162000000000000028e+02 3.056640023962077066e+02
1.164000000000000057e+02 3.098693582991041922e+02
1.165999999999999943e+02 3.020741212100955408e+02
1.167999999999999972e+02 3.042782938712364285e+02
1.170000000000000000e+02 3.024818790071567491e+02
1.172000000000000028e+02 3.026848793252029850e+02
1.174000000000000057e+02 3.008872975155771883e+02
1.175999999999999943e+02 3.020891362514749972e+02
1.177999999999999972e+02 3.012903981892227421e+02
1.180000000000000000e+02 2.984910859684122215e+02
1.182000000000000028e+02 2.986912022120351367e+02
1.184000000000000057e+02 2.968907495266157639e+02
1.185999999999999943e+02 2.990897305023420358e+02
1.187999999999999972e+02 2.942881477131963948e+02
1.190000000000000000e+02 2.954860037170840315e+02
1.192000000000000028e+02 2.926833010559610102e+02
1.194000000000000057e+02 2.918800422559603476e+02
1.195999999999999943e+02 2.960762298275176363e+02
1.197999999999999972e+02 2.862718662654947366e+02
1.200000000000000000e+02 2.894669540493028421e+02
1.202000000000000028e+02 2.916614956430238408e+02
1.204000000000000057e+02 2.868554934955311637e+02
1.205999999999999943e+02 2.880489500406089292e+02
1.207999999999999972e+02 2.892418676970701767e+02
1.210000000000000000e+02 2.844342488688740218e+02
1.212000000000000028e+02 2.856260959452415022e+02
1.214000000000000057e+02 2.878174113007706865e+02
1.215999999999999943e+02 2.800081972955501897e+02
1.217999999999999972e+02 2.851984562752721786e+02
1.220000000000000000e+02 2.813881905713437277e+02
1.222000000000000028e+02 2.815774025009977208e+02
1.224000000000000057e+02 2.827660943674021610e+02
1.225999999999999943e+02 2.789542684597690254e+02
1.227999999999999972e+02 2.771419270534614157e+02
1.230000000000000000e+02 2.783290724101003661e+02
1.232000000000000028e+02 2.765157067776701751e+02
1.234000000000000057e+02 2.767018323906232808e+02
1.235999999999999943e+02 2.748874514699833753e+02
1.237999999999999972e+02 2.740725662234483480e+02
1.240000000000000000e+02 2.742571788454918078e+02
1.242000000000000028e+02 2.724412915174638101e+02
1.244000000000000057e+02 2.706249064076909008e+02
1.245999999999999943e+02 2.688080256715743417e+02
1.247999999999999972e+02 2.659906514516889047e+02
1.250000000000000000e+02 2.691727858778793916e+02
1.252000000000000028e+02 2.663544310673566997e+02
1.254000000000000057e+02 2.645355891247936597e+02
1.255999999999999943e+02 2.677162621424189410e+02
1.257999999999999972e+02 2.648964522001107298e+02
1.260000000000000000e+02 2.630761613654898383e+02
1.262000000000000028e+02 2.622553916940107683e+02
1.264000000000000057e+02 2.604341452290534562e+02
1.265999999999999943e+02 2.596124240020131424e+02
1.267999999999999972e+02 2.587902300323896725e+02
1.270000000000000000e+02 2.599675653278764003e+02
1.272000000000000028e+02 2.561444318844475561e+02
1.274000000000000057e+02 2.573208316864455583e+02
1.275999999999999943e+02 2.564967667066669037e+02
1.277999999999999972e+02 2.556722389064479160e+02
1.280000000000000000e+02 2.538472502357492147e+02
1.281999999999999886e+02 2.560218026332395311e+02
1.284000000000000057e+02 2.511958980263790409e+02
1.285999999999999943e+02 2.543695383315016159e+02
1.288000000000000114e+02 2.525427254538966793e+02
1.290000000000000000e+02 2.497154612878898376e+02
1.291999999999999886e+02 2.468877477169235135e+02
1.294000000000000057e+02 2.480595866136360428e+02
1.295999999999999943e+02 2.492309798399407441e+02
1.298000000000000114e+02 2.484019292471039648e+02
1.300000000000000000e+02 2.445724366758224733e+02
1.301999999999999886e+02 2.467425039563001690e+02
1.304000000000000057e+02 2.469121329083242244e+02
1.305999999999999943e+02 2.430813253413404027e+02
1.308000000000000114e+02 2.432500830545278916e+02
1.310000000000000000e+02 2.434184078368731150e+02
1.311999999999999886e+02 2.415863014672435156e+02
1.314000000000000057e+02 2.387537657144601440e+02
1.315999999999999943e+02 2.409208023373697358e+02
1.318000000000000114e+02 2.410874130849164487e+02
1.320000000000000000e+02 2.362535996962124898e+02
1.321999999999999886e+02 2.374193639006086869e+02
1.324000000000000057e+02 2.365847074177639797e+02
1.325999999999999943e+02 2.377496319577144561e+02
1.328000000000000114e+02 2.369141392209420189e+02
1.330000000000000000e+02 2.320782308984420865e+02
1.331999999999999886e+02 2.352419086717909806e+02
1.334000000000000057e+02 2.314051742132125469e+02
1.335999999999999943e+02 2.315680291856444342e+02
1.338000000000000114e+02 2.317304752428036636e+02
1.340000000000000000e+02 2.298925140292514300e+02
1.341999999999999886e+02 2.280541471804578748e+02
1.344000000000000057e+02 2.282153763228658079e+02
1.345999999999999943e+02 2.303762030739539739e+02
1.348000000000000114e+02 2.285366290423002056e+02
1.350000000000000000e+02 2.286966558276433830e+02
1.351999999999999886e+02 2.248562850209453359e+02
1.354000000000000057e+02 2.250155182044522064e+02
1.355999999999999943e+02 2.231743569517548167e+02
1.358000000000000114e+02 2.263328028278493207e+02
1.360000000000000000e+02 2.234908573891964920e+02
1.361999999999999886e+02 2.226485221837812389e+02
1.364000000000000057e+02 2.228057987511711531e+02
1.365999999999999943e+02 2.199626886225746318e+02
1.368000000000000114e+02 2.211191933208988019e+02
1.370000000000000000e+02 2.202753143608066182e+02
1.371999999999999886e+02 2.174310532487736225e+02
1.374000000000000057e+02 2.195864114831443032e+02
1.375999999999999943e+02 2.177413905541877455e+02
1.378000000000000114e+02 2.168959919441532236e+02
1.380000000000000000e+02 2.160502171273247995e+02
1.381999999999999886e+02 2.152040675700760062e+02
1.384000000000000057e+02 2.153575447309237347e+02
1.385999999999999943e+02 2.135106500605816393e+02
1.388000000000000114e+02 2.136633850020134844e+02
1.390000000000000000e+02 2.098157509904855544e+02
1.391999999999999886e+02 2.129677494536190068e+02
1.394000000000000057e+02 2.101193818114416558e+02
1.395999999999999943e+02 2.112706494764392460e+02
1.398000000000000114e+02 2.084215538536065253e+02
1.400000000000000000e+02 2.085720963404976658e+02
1.401999999999999886e+02 2.087222783272763991e+02
1.404000000000000057e+02 2.098721011967657262e+02
1.405999999999999943e+02 2.060215663244972006e+02
1.408000000000000114e+02 2.071706750787599844e+02
1.410000000000000000e+02 2.043194288206488807e+02
1.411999999999999886e+02 2.044678289041131052e+02
1.414000000000000057e+02 2.036158766760034098e+02
1.415999999999999943e+02 2.067635734761197455e+02
1.418000000000000114e+02 2.029109206372580729e+02
1.420000000000000000e+02 2.020579194852569458e+02
1.421999999999999886e+02 2.022045713390437811e+02
1.424000000000000057e+02 2.013508775106805615e+02
1.425999999999999943e+02 2.014968393054092815e+02
1.428000000000000114e+02 1.976424580216971663e+02
1.430000000000000000e+02 1.997877349512812373e+02
1.431999999999999886e+02 2.019326713792127919e+02
1.434000000000000057e+02 1.970772685839013718e+02
1.435999999999999943e+02 1.992215278371583338e+02
1.438000000000000114e+02 1.953654504042403630e+02
1.440000000000000000e+02 1.965090375438921910e+02
1.441999999999999886e+02 1.956522905083894273e+02
1.444000000000000057e+02 1.957952105435807368e+02
1.445999999999999943e+02 1.939377988889297342e+02
1.448000000000000114e+02 1.930800567775568481e+02
1.450000000000000000e+02 1.962219854362802494e+02
1.451999999999999886e+02 1.943635860856571185e+02
1.454000000000000057e+02 1.875048599400241471e+02
1.455999999999999943e+02 1.936458082075378400e+02
1.458000000000000114e+02 1.927864320902145892e+02
1.460000000000000000e+02 1.889267327839703228e+02
1.461999999999999886e+02 1.900667114786598404e+02
1.464000000000000057e+02 1.912063693581160351e+02
1.465999999999999943e+02 1.873457076001883763e+02
1.468000000000000114e+02 1.884847273767817626e+02
1.470000000000000000e+02 1.886234298538942369e+02
1.471999999999999886e+02 1.857618161916552424e+02
1.474000000000000057e+02 1.878998875443629402e+02
1.475999999999999943e+02 1.840376450605215553e+02
1.478000000000000114e+02 1.851750898828784386e+02
1.480000000000000000e+02 1.833122231484606743e+02
1.481999999999999886e+02 1.844490459886114877e+02
1.484000000000000057e+02 1.845855595290265398e+02
1.485999999999999943e+02 1.827217648897895117e+02
1.488000000000000114e+02 1.808576631854080006e+02
1.490000000000000000e+02 1.799932555248484789e+02
1.491999999999999886e+02 1.811285430115717361e+02
1.494000000000000057e+02 1.802635267435673256e+02
1.495999999999999943e+02 1.823982078133880975e+02
1.498000000000000114e+02 1.785325873081846453e+02
1.500000000000000000e+02 1.806666663097390710e+02
1.501999999999999886e+02 1.768004458944988073e+02
1.504000000000000057e+02 1.789339271336100126e+02
1.505999999999999943e+02 1.770671110929507961e+02
1.508000000000000114e+02 1.741999988331643294e+02
1.510000000000000000e+02 1.783325914096911333e+02
1.511999999999999886e+02 1.754648898728021038e+02
1.514000000000000057e+02 1.745968952676302308e+02
1.515999999999999943e+02 1.717286086342027431e+02
1.518000000000000114e+02 1.738600310074729691e+02
1.520000000000000000e+02 1.739911634173516291e+02
1.521999999999999886e+02 1.741220068887381274e+02
1.524000000000000057e+02 1.722525624415516177e+02
1.525999999999999943e+02 1.723828310907617549e+02
1.528000000000000114e+02 1.705128138464192205e+02
1.530000000000000000e+02 1.706425117136861331e+02
1.531999999999999886e+02 1.697719256928660059e+02
1.534000000000000057e+02 1.699010567794337305e+02
1.535999999999999943e+02 1.690299059640651365e+02
1.538000000000000114e+02 1.691584742326664923e+02
1.540000000000000000e+02 1.672867625664036666e+02
1.541999999999999886e+02 1.694147719417312032e+02
1.544000000000000057e+02 1.685425033304209421e+02
1.545999999999999943e+02 1.676699576995906398e+02
1.548000000000000114e+02 1.677971360117324480e+02
1.550000000000000000e+02 1.659240392247408806e+02
1.551999999999999886e+02 1.680506682919408377e+02
1.554000000000000057e+02 1.641770241621152877e+02
1.555999999999999943e+02 1.663031077795328656e+02
1.558000000000000114e+02 1.654289200839750720e+02
1.560000000000000000e+02 1.655544620107635012e+02
1.561999999999999886e+02 1.626797344907867569e+02
1.564000000000000057e+02 1.648047384505271111e+02
1.565999999999999943e+02 1.609294748120870509e+02
1.568000000000000114e+02 1.650539444932156528e+02
1.570000000000000000e+02 1.641781484073346746e+02
1.571999999999999886e+02 1.633020874635645896e+02
1.574000000000000057e+02 1.614257625667502225e+02
1.575999999999999943e+02 1.645491746174864147e+02
1.578000000000000114e+02 1.606723245121434900e+02
1.580000000000000000e+02 1.607952131428921803e+02
1.581999999999999886e+02 1.609178413977290631e+02
1.584000000000000057e+02 1.610402101605010046e+02
1.585999999999999943e+02 1.601623203109300846e+02
1.588000000000000114e+02 1.622841727246379548e+02
1.590000000000000000e+02 1.584057682731702243e+02
1.591999999999999886e+02 1.615271078240204758e+02
1.594000000000000057e+02 1.556481922406545095e+02
1.595999999999999943e+02 1.597690223825336489e+02
1.598000000000000114e+02 1.568895991051389274e+02
1.600000000000000000e+02 1.580099232599940535e+02
1.601999999999999886e+02 1.611299956946890006e+02
1.604000000000000057e+02 1.552498172529029716e+02
1.605999999999999943e+02 1.583693887744273638e+02
1.608000000000000114e+02 1.534887110951887337e+02
1.610000000000000000e+02 1.576077850472710793e+02
1.611999999999999886e+02 1.527266114589386916e+02
1.614000000000000057e+02 1.568451911546580959e+02
1.615999999999999943e+02 1.559635249551205334e+02
1.618000000000000114e+02 1.560816136772637037e+02
1.620000000000000000e+02 1.531994581342936783e+02
1.621999999999999886e+02 1.553170591357066996e+02
1.624000000000000057e+02 1.544344174873104691e+02
1.625999999999999943e+02 1.535515339912458046e+02
1.628000000000000114e+02 1.526684094460075869e+02
1.630000000000000000e+02 1.507850446464660763e+02
1.631999999999999886e+02 1.549014403838876603e+02
1.634000000000000057e+02 1.520175974459557722e+02
1.635999999999999943e+02 1.521335166167914963e+02
1.638000000000000114e+02 1.512491986769739469e+02
1.640000000000000000e+02 1.503646444035607601e+02
1.641999999999999886e+02 1.504798545701082162e+02
1.644000000000000057e+02 1.505948299466915046e+02
1.645999999999999943e+02 1.497095712999242494e+02
1.648000000000000114e+02 1.478240793929787174e+02
1.650000000000000000e+02 1.499383549856052014e+02
1.651999999999999886e+02 1.490523988341516599e+02
1.654000000000000057e+02 1.501662116915831007e+02
1.655999999999999943e+02 1.502797943075007367e+02
1.658000000000000114e+02 1.493931474281612282e+02
1.660000000000000000e+02 1.465062717964954970e+02
1.661999999999999886e+02 1.476191681521277985e+02
1.664000000000000057e+02 1.467318372313942518e+02
1.665999999999999943e+02 1.508442797673614564e+02
1.668000000000000114e+02 1.449564964898451649e+02
1.670000000000000000e+02 1.470684881254282743e+02
1.671999999999999886e+02 1.461802553974794137e+02
1.674000000000000057e+02 1.442917990261707075e+02
1.675999999999999943e+02 1.454031197284959660e+02
1.678000000000000114e+02 1.445142182182884483e+02
1.680000000000000000e+02 1.466250952062384840e+02
1.681999999999999886e+02 1.447357513999113223e+02
1.684000000000000057e+02 1.448461875037643836e+02
1.685999999999999943e+02 1.409564042191647388e+02
1.688000000000000114e+02 1.450664022444062482e+02
1.690000000000000000e+02 1.431761822747268695e+02
1.691999999999999886e+02 1.422857450023254842e+02
1.694000000000000057e+02 1.453950911163788930e+02
1.695999999999999943e+02 1.415042213030586424e+02
1.698000000000000114e+02 1.426131362455475369e+02
1.700000000000000000e+02 1.427218366240564080e+02
1.701999999999999886e+02 1.408303231158403435e+02
1.704000000000000057e+02 1.429385963952151712e+02
1.705999999999999943e+02 1.390466571335736887e+02
1.708000000000000114e+02 1.411545059994016640e+02
1.710000000000000000e+02 1.412621436582940078e+02
1.711999999999999886e+02 1.423695707729705475e+02
1.714000000000000057e+02 1.394767880032918299e+02
1.715999999999999943e+02 1.395837960062748664e+02
1.718000000000000114e+02 1.376905954361087936e+02
1.720000000000000000e+02 1.417971869441701926e+02
1.721999999999999886e+02 1.389035711790385221e+02
1.724000000000000057e+02 1.370097487865114942e+02
1.725999999999999943e+02 1.401157204096201383e+02
1.728000000000000114e+02 1.372214866886439211e+02
1.730000000000000000e+02 1.373270482611257535e+02
1.731999999999999886e+02 1.374324057618867982e+02
1.734000000000000057e+02 1.355375598230413630e+02
1.735999999999999943e+02 1.366425110740114235e+02
1.738000000000000114e+02 1.377472601415413749e+02
1.740000000000000000e+02 1.358518076497124127e+02
1.741999999999999886e+02 1.349561542199569431e+02
1.744000000000000057e+02 1.370603004710729351e+02
1.745999999999999943e+02 1.321642470192381040e+02
1.748000000000000114e+02 1.352679944780240078e+02
1.750000000000000000e+02 1.333715434584100592e+02
1.751999999999999886e+02 1.344748945687974810e+02
1.754000000000000057e+02 1.305780484150232326e+02
1.755999999999999943e+02 1.336810056003735099e+02
1.758000000000000114e+02 -1.361162332744023047e+02
1.760000000000000000e+02 -1.360136676110782616e+02
1.761999999999999886e+02 -1.359112968139383213e+02
1.764000000000000057e+02 -1.358091202897628307e+02
1.765999999999999943e+02 -1.357071374478154269e+02
1.768000000000000114e+02 -1.367053476998296730e+02
1.770000000000000000e+02 -1.366037504599959789e+02
1.771999999999999886e+02 -1.365023451449484924e+02
1.774000000000000057e+02 -1.364011311737521623e+02
1.775999999999999943e+02 -1.363001079678898577e+02
1.778000000000000114e+02 -1.361992749512495777e+02
1.780000000000000000e+02 -1.360986315501117474e+02
1.781999999999999886e+02 -1.359981771931364563e+02
1.784000000000000057e+02 -1.358979113113510380e+02
1.785999999999999943e+02 -1.357978333381376217e+02
1.788000000000000114e+02 -1.356979427092205412e+02
1.790000000000000000e+02 -1.355982388626541990e+02
1.791999999999999886e+02 -1.354987212388107878e+02
1.794000000000000057e+02 -1.353993892803680410e+02
1.795999999999999943e+02 -1.353002424322972388e+02
