# energy (eV)  EELS (a.u)
3.200000999999999873e+00 8.387067293231084477e+02
3.399999999999999911e+00 1.167487521971634123e+02
3.600000000000000089e+00 -6.603279826414946001e+02
3.800000999999999962e+00 -3.495233320340630598e+02
4.000000000000000000e+00 4.767306825546838809e+02
4.200001000000000317e+00 1.430206801180582261e+03
4.400000000000000355e+00 2.888115085956378607e+03
4.599999999999999645e+00 7.594830523336611805e+03
4.800000999999999962e+00 1.335303062361330376e+04
5.000000000000000000e+00 2.046662434920648229e+04
5.200001000000000317e+00 2.248528246581593703e+04
5.400000000000000355e+00 2.084547113949066261e+04
5.599999999999999645e+00 2.342311988765807473e+04
5.800000999999999962e+00 2.617516013318406476e+04
6.000000000000000000e+00 2.897554802282778837e+04
6.200001000000000317e+00 3.170273132659341354e+04
6.400000000000000355e+00 3.516934711080099078e+04
6.599999999999999645e+00 3.803191657314988697e+04
6.800000999999999962e+00 4.082737487043767760e+04
7.000000000000000000e+00 4.382622038926414098e+04
7.200001000000000317e+00 4.617119220567735465e+04
7.400000000000000355e+00 4.879050623547188297e+04
7.599999999999999645e+00 5.162694786024954374e+04
7.800000999999999962e+00 5.316497011729462247e+04
8.000000000000000000e+00 5.483199318923438841e+04
8.200001000000000317e+00 5.610374680281455949e+04
8.400000000000000355e+00 5.730043897307530278e+04
8.599999999999999645e+00 5.839547637585226039e+04
8.800000999999999962e+00 5.834203474685378023e+04
9.000000000000000000e+00 5.840520647982494847e+04
9.200001000000000317e+00 5.785668763360675075e+04
9.400000000000000355e+00 5.829918540335550642e+04
9.599999999999999645e+00 5.833370433985720592e+04
9.800000999999999962e+00 5.793556615428154328e+04
1.000000000000000000e+01 5.766748668970847939e+04
1.019999999999999929e+01 5.765268090610444779e+04
1.040000000000000036e+01 5.777287018949633784e+04
1.059999999999999964e+01 5.837835535910460749e+04
1.080000000000000071e+01 5.861405518960899644e+04
1.100000000000000000e+01 5.852354482836433453e+04
1.119999999999999929e+01 5.861008991049305041e+04
1.140000000000000036e+01 5.908077690154888842e+04
1.159999999999999964e+01 5.934014012647431809e+04
1.180000000000000071e+01 5.945968588286376325e+04
1.200000000000000000e+01 5.933191398450484849e+04
1.219999999999999929e+01 5.945283703647575749e+04
1.240000000000000036e+01 5.925839770461492299e+04
1.259999999999999964e+01 5.910648420901921054e+04
1.280000000000000071e+01 5.964744424258483195e+04
1.300000000000000000e+01 5.936919749082079943e+04
1.319999999999999929e+01 5.907174690768150322e+04
1.340000000000000036e+01 5.880868888351086935e+04
1.359999999999999964e+01 5.796612242496530234e+04
1.380000000000000071e+01 5.766515745264884026e+04
1.400000000000000000e+01 5.724082230985973729e+04
1.419999999999999929e+01 5.692307056506972731e+04
1.440000000000000036e+01 5.604388718132306531e+04
1.459999999999999964e+01 5.557479411747290578e+04
1.480000000000000071e+01 5.509385541891346656e+04
1.500000000000000000e+01 5.416268184908487456e+04
1.519999999999999929e+01 5.258893510740972852e+04
1.540000000000000036e+01 5.270923167436852964e+04
1.559999999999999964e+01 5.246314632004973100e+04
1.580000000000000071e+01 5.225221530864696251e+04
1.600000000000000000e+01 5.178493932795674482e+04
1.619999999999999929e+01 5.232178616990050068e+04
1.639999999999999858e+01 5.231119318540718086e+04
1.660000000000000142e+01 5.192656953460511431e+04
1.680000000000000071e+01 5.197029825114888081e+04
1.700000000000000000e+01 5.271073813761695783e+04
1.719999999999999929e+01 5.331922550723083987e+04
1.739999999999999858e+01 5.393907578564328287e+04
1.760000000000000142e+01 5.426358498520033027e+04
1.780000000000000071e+01 5.513603106288097479e+04
1.800000000000000000e+01 5.560267517204315664e+04
1.819999999999999929e+01 5.720276281714178913e+04
1.839999999999999858e+01 5.820952491972008283e+04
1.860000000000000142e+01 5.908017880319991673e+04
1.880000000000000071e+01 6.063892910329933511e+04
1.900000000000000000e+01 6.169596861027829436e+04
1.919999999999999929e+01 6.287047904864850716e+04
1.939999999999999858e+01 6.410063179947446042e+04
1.960000000000000142e+01 6.530558856993299560e+04
1.980000000000000071e+01 6.675160201438446529e+04
2.000000000000000000e+01 6.743551631083336542e+04
2.019999999999999929e+01 6.886976769631764910e+04
2.039999999999999858e+01 6.994438496445867349e+04
2.060000000000000142e+01 7.077048992812608776e+04
2.080000000000000071e+01 7.159619784991955385e+04
2.100000000000000000e+01 7.313361784294035169e+04
2.119999999999999929e+01 7.364985324411859619e+04
2.139999999999999858e+01 7.436200196217220218e+04
2.160000000000000142e+01 7.544815680210253049e+04
2.180000000000000071e+01 7.601050576797500253e+04
2.200000000000000000e+01 7.700583234559050470e+04
2.219999999999999929e+01 7.752651576652366202e+04
2.239999999999999858e+01 7.827953125488532532e+04
2.260000000000000142e+01 7.900895025805861223e+04
2.280000000000000071e+01 7.944284066255920334e+04
2.300000000000000000e+01 8.085426699607975024e+04
2.319999999999999929e+01 8.125339061669612420e+04
2.339999999999999858e+01 8.190996989013708662e+04
2.360000000000000142e+01 8.311236035595030989e+04
2.380000000000000071e+01 8.395551488333317684e+04
2.400000000000000000e+01 8.495948381733965653e+04
2.419999999999999929e+01 8.649531511612003669e+04
2.439999999999999858e+01 8.803705447980199824e+04
2.460000000000000142e+01 8.846474547157566121e+04
2.480000000000000071e+01 8.934242963150444848e+04
2.500000000000000000e+01 9.125914658354483254e+04
2.519999999999999929e+01 9.227493413622316439e+04
2.539999999999999858e+01 9.282682837738560920e+04
2.560000000000000142e+01 9.418786376340671268e+04
2.580000000000000071e+01 9.485407320321555017e+04
2.600000000000000000e+01 9.580648813747207168e+04
2.619999999999999929e+01 9.654413861320356955e+04
2.639999999999999858e+01 9.775105335418919276e+04
2.660000000000000142e+01 9.861235982736038568e+04
2.680000000000000071e+01 9.995178430546681921e+04
2.700000000000000000e+01 1.003186519262403599e+05
2.719999999999999929e+01 1.012728867482732894e+05
2.739999999999999858e+01 1.022065118038129149e+05
2.760000000000000142e+01 1.016795491486609244e+05
2.780000000000000071e+01 1.030490199093529372e+05
2.800000000000000000e+01 1.034179443277825485e+05
2.819999999999999929e+01 1.037563418034228816e+05
2.839999999999999858e+01 1.038192309332889272e+05
2.860000000000000142e+01 1.043916295497743704e+05
2.880000000000000071e+01 1.041275547564880981e+05
2.900000000000000000e+01 1.036670229622073821e+05
2.919999999999999929e+01 1.032950499130572716e+05
2.939999999999999858e+01 1.025526507230189163e+05
2.960000000000000142e+01 1.021658399028627027e+05
2.980000000000000071e+01 1.016146313875962805e+05
3.000000000000000000e+01 1.005450385625119525e+05
3.019999999999999929e+01 9.893007428791253187e+04
3.039999999999999858e+01 9.799585092258969962e+04
3.060000000000000142e+01 9.668308034612484335e+04
3.080000000000000071e+01 9.555507398007769370e+04
3.100000000000000000e+01 9.405274280812383222e+04
3.119999999999999929e+01 9.184909739519938012e+04
3.139999999999999858e+01 8.931224790570660844e+04
3.160000000000000142e+01 8.753590412083167757e+04
3.180000000000000071e+01 8.563037545502236753e+04
3.200000000000000000e+01 8.404357097167111351e+04
3.220000000000000284e+01 8.229249939804541646e+04
3.239999999999999858e+01 7.991816913950609160e+04
3.260000000000000142e+01 7.806258829305053223e+04
3.279999999999999716e+01 7.517176466021685337e+04
3.300000000000000000e+01 7.478470575938209367e+04
3.320000000000000284e+01 7.215251883748592809e+04
3.339999999999999858e+01 6.973591088120995846e+04
3.360000000000000142e+01 6.865518862764020741e+04
3.379999999999999716e+01 6.669925857443941641e+04
3.400000000000000000e+01 6.503412698955428641e+04
3.420000000000000284e+01 6.361889992048084969e+04
3.439999999999999858e+01 6.189928320311061543e+04
3.460000000000000142e+01 6.038858247017828398e+04
3.479999999999999716e+01 5.906670315933095844e+04
3.500000000000000000e+01 5.704275052083771152e+04
3.520000000000000284e+01 5.502442962495712709e+04
3.539999999999999858e+01 5.529004536897979415e+04
3.560000000000000142e+01 5.229550248396149982e+04
3.579999999999999716e+01 5.080280554116225539e+04
3.600000000000000000e+01 5.055295895820535225e+04
3.620000000000000284e+01 4.926996700497000711e+04
3.639999999999999858e+01 4.755183380923020741e+04
3.660000000000000142e+01 4.698956336205208208e+04
3.679999999999999716e+01 4.657615952296110481e+04
3.700000000000000000e+01 4.545062602488999255e+04
3.720000000000000284e+01 4.378596647891779867e+04
3.739999999999999858e+01 4.267018437880969577e+04
3.760000000000000142e+01 4.172128310536699428e+04
3.779999999999999716e+01 4.101926593059600418e+04
3.800000000000000000e+01 3.917113602170418017e+04
3.820000000000000284e+01 3.787389644493149535e+04
3.839999999999999858e+01 3.722955016922452342e+04
3.860000000000000142e+01 3.681510006976040313e+04
3.879999999999999716e+01 3.653154893132753932e+04
3.900000000000000000e+01 3.560289945156936301e+04
3.920000000000000284e+01 3.468115424409747357e+04
3.939999999999999858e+01 3.457131584147982358e+04
3.960000000000000142e+01 3.410138669810965803e+04
3.979999999999999716e+01 3.348136919296032283e+04
4.000000000000000000e+01 3.342226563223115227e+04
4.020000000000000284e+01 3.236207825188903735e+04
4.039999999999999858e+01 3.187680922011038274e+04
4.060000000000000142e+01 3.173846063962765766e+04
4.079999999999999716e+01 3.163803454998477173e+04
4.100000000000000000e+01 3.159353292970512848e+04
4.120000000000000284e+01 3.172695769837613989e+04
4.139999999999999858e+01 3.225631071865379636e+04
4.160000000000000142e+01 3.244159379819061724e+04
4.179999999999999716e+01 3.311680869149029604e+04
4.200000000000000000e+01 3.342695710169211088e+04
4.220000000000000284e+01 3.455404068228803953e+04
4.239999999999999858e+01 3.527006103877538408e+04
4.260000000000000142e+01 3.590601973024763720e+04
4.279999999999999716e+01 3.727891827092607855e+04
4.300000000000000000e+01 3.779975813163462590e+04
4.320000000000000284e+01 3.826054074122021120e+04
4.339999999999999858e+01 3.935126748792093713e+04
4.360000000000000142e+01 4.037893972068414587e+04
4.379999999999999716e+01 4.144755875043645938e+04
4.400000000000000000e+01 4.233012585130761727e+04
4.420000000000000284e+01 4.303264226181016420e+04
4.439999999999999858e+01 4.371610918597658019e+04
4.460000000000000142e+01 4.440852779445566557e+04
4.479999999999999716e+01 4.458789922556970851e+04
4.500000000000000000e+01 4.474622458633410861e+04
4.520000000000000284e+01 4.501450495344081719e+04
4.539999999999999858e+01 4.463474137420709303e+04
4.560000000000000142e+01 4.458093486749089789e+04
4.579999999999999716e+01 4.462608642457425594e+04
4.600000000000000000e+01 4.414319701001578505e+04
4.620000000000000284e+01 4.379126756247363664e+04
4.639999999999999858e+01 4.332529899549993570e+04
4.660000000000000142e+01 4.243729219830787770e+04
4.679999999999999716e+01 4.182524803651245020e+04
4.700000000000000000e+01 4.138416735284585593e+04
4.720000000000000284e+01 4.074805096784853231e+04
4.739999999999999858e+01 4.021189968053676421e+04
4.760000000000000142e+01 3.996971426904770487e+04
4.779999999999999716e+01 3.938249549126265629e+04
4.800000000000000000e+01 4.010524408540947479e+04
4.820000000000000284e+01 3.940396077064484416e+04
4.839999999999999858e+01 3.910664624761712184e+04
4.860000000000000142e+01 3.906030119901057333e+04
4.879999999999999716e+01 3.916792629007159121e+04
4.900000000000000000e+01 3.961552216911758296e+04
4.920000000000000284e+01 3.921908946802919672e+04
4.939999999999999858e+01 3.904862880272642360e+04
4.960000000000000142e+01 3.951214077362928219e+04
4.979999999999999716e+01 3.901762596610342734e+04
5.000000000000000000e+01 3.920808495089149073e+04
5.020000000000000284e+01 3.928551828453047347e+04
5.039999999999999858e+01 3.926392650975572178e+04
5.060000000000000142e+01 3.965631015589205344e+04
5.079999999999999716e+01 3.936866973923237674e+04
5.100000000000000000e+01 3.977000576340431871e+04
5.120000000000000284e+01 4.042131871972526278e+04
5.139999999999999858e+01 4.049560908754616685e+04
5.160000000000000142e+01 4.067387733458463481e+04
5.179999999999999716e+01 4.087412391724755435e+04
5.200000000000000000e+01 4.101634928094362840e+04
5.220000000000000284e+01 4.098355386038628058e+04
5.239999999999999858e+01 4.106373807988712360e+04
5.260000000000000142e+01 4.143490235364039108e+04
5.279999999999999716e+01 4.155504708599864534e+04
5.300000000000000000e+01 4.116417267174001609e+04
5.320000000000000284e+01 4.101627949632728269e+04
5.339999999999999858e+01 4.091936793615908391e+04
5.360000000000000142e+01 4.106243835881354607e+04
5.379999999999999716e+01 4.135949112328446063e+04
5.400000000000000000e+01 4.138052658021045499e+04
5.420000000000000284e+01 4.180954507209720032e+04
5.439999999999999858e+01 4.188154693353304174e+04
5.460000000000000142e+01 4.186253249139816762e+04
5.479999999999999716e+01 4.184450206506756513e+04
5.500000000000000000e+01 4.231045596660796582e+04
5.520000000000000284e+01 4.249139450096901419e+04
5.539999999999999858e+01 4.246631796616878273e+04
5.560000000000000142e+01 4.290422665347384464e+04
5.579999999999999716e+01 4.289812084757411503e+04
5.600000000000000000e+01 4.335100082675257727e+04
5.620000000000000284e+01 4.312386686305009789e+04
5.639999999999999858e+01 4.319671922242548317e+04
5.660000000000000142e+01 4.334155816491089354e+04
5.679999999999999716e+01 4.294038394476281246e+04
5.700000000000000000e+01 4.359819681060868606e+04
5.720000000000000284e+01 4.336699700558940094e+04
5.739999999999999858e+01 4.341278476749765105e+04
5.760000000000000142e+01 4.289656032891242648e+04
5.779999999999999716e+01 4.317232391732970427e+04
5.800000000000000000e+01 4.249707575528942834e+04
5.820000000000000284e+01 4.286681606049890979e+04
5.839999999999999858e+01 4.282254504595284379e+04
5.860000000000000142e+01 4.281426292004989955e+04
5.879999999999999716e+01 4.284096988670607243e+04
5.900000000000000000e+01 4.247266614546496567e+04
5.920000000000000284e+01 4.228635189160493610e+04
5.939999999999999858e+01 4.228502731624332955e+04
5.960000000000000142e+01 4.210569260643784219e+04
5.979999999999999716e+01 4.156234794528510247e+04
6.000000000000000000e+01 4.109199351201658283e+04
6.020000000000000284e+01 4.083662948209186288e+04
6.039999999999999858e+01 4.062325602728940430e+04
6.060000000000000142e+01 4.008787331579480815e+04
6.079999999999999716e+01 3.991148151228678034e+04
6.100000000000000000e+01 3.932408077802068146e+04
6.120000000000000284e+01 3.948667127090994472e+04
6.139999999999999858e+01 3.906825314560522384e+04
6.160000000000000142e+01 3.888382655357147451e+04
6.179999999999999716e+01 3.835139164316302049e+04
6.200000000000000000e+01 3.797994855969653872e+04
6.220000000000000284e+01 3.767349744552222546e+04
6.239999999999999858e+01 3.745203844009300519e+04
6.260000000000000142e+01 3.683257168003197876e+04
6.279999999999999716e+01 3.699309729919805977e+04
6.300000000000000000e+01 3.684161542874992301e+04
6.320000000000000284e+01 3.649912619720831572e+04
6.339999999999999858e+01 3.606962973051668087e+04
6.360000000000000142e+01 3.601412615210028162e+04
6.379999999999999716e+01 3.535761558292377595e+04
6.400000000000000000e+01 3.520909814154729975e+04
6.420000000000000284e+01 3.459857394418110925e+04
6.440000000000000568e+01 3.411304310473886289e+04
6.459999999999999432e+01 3.386150573488951341e+04
6.479999999999999716e+01 3.410696194410787575e+04
6.500000000000000000e+01 3.322741183972393628e+04
6.520000000000000284e+01 3.348685552697091771e+04
6.540000000000000568e+01 3.282929310903207806e+04
6.559999999999999432e+01 3.259772468708642919e+04
6.579999999999999716e+01 3.220715036035322191e+04
6.600000000000000000e+01 3.222057022613536537e+04
6.620000000000000284e+01 3.178098437986175122e+04
6.640000000000000568e+01 3.161539291512852651e+04
6.659999999999999432e+01 3.087279592373936248e+04
6.679999999999999716e+01 3.075719349574468288e+04
6.700000000000000000e+01 3.076958571947997916e+04
6.720000000000000284e+01 3.011997268160315434e+04
6.740000000000000568e+01 2.980135446713095007e+04
6.759999999999999432e+01 3.000173115947450788e+04
6.779999999999999716e+01 2.946710284047402456e+04
6.800000000000000000e+01 2.940046959043261813e+04
6.820000000000000284e+01 2.893083148814931337e+04
6.840000000000000568e+01 2.859118861095128523e+04
6.859999999999999432e+01 2.889954103472528732e+04
6.879999999999999716e+01 2.873988883394834556e+04
6.900000000000000000e+01 2.823223208171769875e+04
6.920000000000000284e+01 2.798357084978005878e+04
6.940000000000000568e+01 2.794590520856011062e+04
6.959999999999999432e+01 2.770923522718841195e+04
6.979999999999999716e+01 2.734956097352856887e+04
7.000000000000000000e+01 2.695488251420379675e+04
7.020000000000000284e+01 2.675819991462285179e+04
7.040000000000000568e+01 2.674951323900535863e+04
7.059999999999999432e+01 2.663582255040652308e+04
7.079999999999999716e+01 2.666512791074129564e+04
7.100000000000000000e+01 2.635242938080793465e+04
7.120000000000000284e+01 2.635672702031107110e+04
7.140000000000000568e+01 2.615602088788418405e+04
7.159999999999999432e+01 2.568431104111159948e+04
7.179999999999999716e+01 2.536559753654994347e+04
7.200000000000000000e+01 2.527588042974914424e+04
7.220000000000000284e+01 2.508015977527291034e+04
7.240000000000000568e+01 2.479843562671877226e+04
7.259999999999999432e+01 2.437670803673762930e+04
7.279999999999999716e+01 2.428497705705290355e+04
7.300000000000000000e+01 2.447924273847920631e+04
7.320000000000000284e+01 2.420150513094061535e+04
7.340000000000000568e+01 2.402976428348851186e+04
7.359999999999999432e+01 2.395002024431905375e+04
7.379999999999999716e+01 2.381027306079021218e+04
7.400000000000000000e+01 2.331452277943845547e+04
7.420000000000000284e+01 2.335276944599504350e+04
7.440000000000000568e+01 2.299401310540197665e+04
7.459999999999999432e+01 2.331325380182756635e+04
7.479999999999999716e+01 2.274649157868167458e+04
7.500000000000000000e+01 2.309772647863061502e+04
7.520000000000000284e+01 2.296995854361171587e+04
7.540000000000000568e+01 2.290918781484758074e+04
7.559999999999999432e+01 2.287441433286000756e+04
7.579999999999999716e+01 2.258763813748362736e+04
7.600000000000000000e+01 2.223685926787923017e+04
7.620000000000000284e+01 2.184307776254680357e+04
7.640000000000000568e+01 2.191429365933830195e+04
7.659999999999999432e+01 2.192950699547010663e+04
7.679999999999999716e+01 2.179471780753524581e+04
7.700000000000000000e+01 2.137592613151533078e+04
7.720000000000000284e+01 2.167113200279224839e+04
7.740000000000000568e+01 2.141133545615960247e+04
7.759999999999999432e+01 2.146353652583389339e+04
7.779999999999999716e+01 2.099973524546546469e+04
7.800000000000000000e+01 2.104393164814923875e+04
7.820000000000000284e+01 2.099412576643519060e+04
7.840000000000000568e+01 2.061931763233861784e+04
7.859999999999999432e+01 2.037350727735018154e+04
7.879999999999999716e+01 2.001469473244575420e+04
7.900000000000000000e+01 2.063688002809604586e+04
7.920000000000000284e+01 2.027906319427601193e+04
7.940000000000000568e+01 2.004124426047411180e+04
7.959999999999999432e+01 1.975142325570130561e+04
7.979999999999999716e+01 1.975960020849994180e+04
8.000000000000000000e+01 1.956977514695237187e+04
8.020000000000000284e+01 1.938094809868947777e+04
8.040000000000000568e+01 1.946111909089894107e+04
8.059999999999999432e+01 1.945628815033338833e+04
8.079999999999999716e+01 1.915145530331836198e+04
8.100000000000000000e+01 1.906362057576011648e+04
8.120000000000000284e+01 1.911078399315325805e+04
8.140000000000000568e+01 1.876094558058822804e+04
8.159999999999999432e+01 1.881210536275863342e+04
8.179999999999999716e+01 1.885426336396843180e+04
8.200000000000000000e+01 1.841741960813896003e+04
8.220000000000000284e+01 1.850657411881583903e+04
8.240000000000000568e+01 1.822272691917570774e+04
8.259999999999999432e+01 1.848187803203284784e+04
8.279999999999999716e+01 1.809302747984567395e+04
8.300000000000000000e+01 1.803717528472307458e+04
8.320000000000000284e+01 1.822032146843062947e+04
8.340000000000000568e+01 1.817746605239673227e+04
8.359999999999999432e+01 1.794460905771854959e+04
8.379999999999999716e+01 1.769175050516787451e+04
8.400000000000000000e+01 1.779289041519688908e+04
8.420000000000000284e+01 1.755702880794377779e+04
8.440000000000000568e+01 1.778316570323824271e+04
8.459999999999999432e+01 1.757830112060690954e+04
8.479999999999999716e+01 1.757243507927864266e+04
8.500000000000000000e+01 1.740156759818971841e+04
8.520000000000000284e+01 1.717869869598894365e+04
8.540000000000000568e+01 1.725582839104262166e+04
8.559999999999999432e+01 1.708395670143947427e+04
8.579999999999999716e+01 1.682808364499542949e+04
8.600000000000000000e+01 1.709320923925833267e+04
8.620000000000000284e+01 1.691133350151255945e+04
8.640000000000000568e+01 1.684545644878354506e+04
8.659999999999999432e+01 1.669157809784222263e+04
8.679999999999999716e+01 1.673969846520937790e+04
8.700000000000000000e+01 1.651281756715991287e+04
8.720000000000000284e+01 1.653493541972704770e+04
8.740000000000000568e+01 1.649205203870640617e+04
8.759999999999999432e+01 1.623716743966006470e+04
8.779999999999999716e+01 1.620028163792049236e+04
8.800000000000000000e+01 1.608339464859443251e+04
8.820000000000000284e+01 1.596250648656670455e+04
8.840000000000000568e+01 1.595261716650392918e+04
8.859999999999999432e+01 1.606372670285819913e+04
8.879999999999999716e+01 1.563283510987066438e+04
8.900000000000000000e+01 1.573694240157505010e+04
8.920000000000000284e+01 1.556504859180112726e+04
8.940000000000000568e+01 1.562115369417809052e+04
8.959999999999999432e+01 1.538525772213789787e+04
8.979999999999999716e+01 1.510036068891853029e+04
9.000000000000000000e+01 1.516246260756720403e+04
9.020000000000000284e+01 1.512456349094350662e+04
9.040000000000000568e+01 1.509466335172249637e+04
9.059999999999999432e+01 1.509476220239772374e+04
9.079999999999999716e+01 1.510986005528421083e+04
9.100000000000000000e+01 1.486395692252136905e+04
9.120000000000000284e+01 1.474605281607586403e+04
9.140000000000000568e+01 1.431814774774443140e+04
9.159999999999999432e+01 1.421924172915663803e+04
9.179999999999999716e+01 1.448033477177758687e+04
9.200000000000000000e+01 1.422742688691059084e+04
9.220000000000000284e+01 1.414851808569977402e+04
9.240000000000000568e+01 1.393360837913264186e+04
9.259999999999999432e+01 1.388569777804260411e+04
9.279999999999999716e+01 1.372278629311144141e+04
9.300000000000000000e+01 1.387787393487173904e+04
9.320000000000000284e+01 1.358396071370926802e+04
9.340000000000000568e+01 1.340404663986533160e+04
9.359999999999999432e+01 1.361013172343906081e+04
9.379999999999999716e+01 1.352921597438967729e+04
9.400000000000000000e+01 1.337829940253870700e+04
9.420000000000000284e+01 1.328138201757216302e+04
9.440000000000000568e+01 1.347846382904268648e+04
9.459999999999999432e+01 1.308654484637164023e+04
9.479999999999999716e+01 1.308262507885118612e+04
9.500000000000000000e+01 1.291670453564630043e+04
9.520000000000000284e+01 1.290078322579677661e+04
9.540000000000000568e+01 1.283186115821917338e+04
9.559999999999999432e+01 1.262093834170874470e+04
9.579999999999999716e+01 1.301701478494132607e+04
9.600000000000000000e+01 1.265909049647518623e+04
9.620000000000000284e+01 1.269316548475285890e+04
9.640000000000000568e+01 1.271323975810292723e+04
9.659999999999999432e+01 1.255431332474178453e+04
9.679999999999999716e+01 1.244038619277536782e+04
9.700000000000000000e+01 1.252545837020085673e+04
9.720000000000000284e+01 1.229252986490833791e+04
9.740000000000000568e+01 1.222760068468245663e+04
9.759999999999999432e+01 1.235167083720401934e+04
9.779999999999999716e+01 1.217174033005158344e+04
9.800000000000000000e+01 1.220280917070301803e+04
9.820000000000000284e+01 1.200487736653702996e+04
9.840000000000000568e+01 1.201194492483467184e+04
9.859999999999999432e+01 1.190101185278082085e+04
9.879999999999999716e+01 1.185907815746563392e+04
9.900000000000000000e+01 1.190714384588597386e+04
9.920000000000000284e+01 1.168620892494681721e+04
9.940000000000000568e+01 1.165927340146263305e+04
9.959999999999999432e+01 1.150933728215874544e+04
9.979999999999999716e+01 1.134840057367266309e+04
1.000000000000000000e+02 1.142646328255539447e+04
1.002000000000000028e+02 1.125152541527273934e+04
1.004000000000000057e+02 1.130458697820655107e+04
1.005999999999999943e+02 1.117964797765599178e+04
1.007999999999999972e+02 1.112170841983875835e+04
1.010000000000000000e+02 1.101076831089228108e+04
1.012000000000000028e+02 1.091882765687491519e+04
1.014000000000000057e+02 1.101988646376711040e+04
1.015999999999999943e+02 1.094194473747254597e+04
1.017999999999999972e+02 1.087000248381927486e+04
1.020000000000000000e+02 1.079805970856081512e+04
1.022000000000000028e+02 1.083911641737725949e+04
1.024000000000000057e+02 1.063317261587632856e+04
1.025999999999999943e+02 1.072322830959444582e+04
1.027999999999999972e+02 1.064528350399775627e+04
1.030000000000000000e+02 1.055233820448316510e+04
1.032000000000000028e+02 1.070439241637932719e+04
1.034000000000000057e+02 1.043544614494764755e+04
1.035999999999999943e+02 1.048149939538323997e+04
1.037999999999999972e+02 1.024455217281589466e+04
1.040000000000000000e+02 1.026060448231101145e+04
1.042000000000000028e+02 1.007265632887052925e+04
1.044000000000000057e+02 1.029770771743383193e+04
1.045999999999999943e+02 9.991758652878646899e+03
1.047999999999999972e+02 1.008680914002192549e+04
1.050000000000000000e+02 9.993859183620710610e+03
1.052000000000000028e+02 1.009690878837298624e+04
1.054000000000000057e+02 1.005595795891851958e+04
1.055999999999999943e+02 9.822006699839690555e+03
1.057999999999999972e+02 9.854055015662293954e+03
1.060000000000000000e+02 9.869102910856348899e+03
1.062000000000000028e+02 9.916160389836883041e+03
1.064000000000000057e+02 9.705197456964706362e+03
1.065999999999999943e+02 9.618244116547170051e+03
1.067999999999999972e+02 9.650290372838924668e+03
1.070000000000000000e+02 9.566346230042650859e+03
1.072000000000000028e+02 9.721381692309789287e+03
1.074000000000000057e+02 9.434426763741255854e+03
1.075999999999999943e+02 9.692471448388143472e+03
1.077999999999999972e+02 9.505525750252420039e+03
1.080000000000000000e+02 9.408559673287603800e+03
1.082000000000000028e+02 9.134613221399440590e+03
1.084000000000000057e+02 9.580646398446559033e+03
1.085999999999999943e+02 9.284689208241126835e+03
1.087999999999999972e+02 9.271741654549487066e+03
1.090000000000000000e+02 9.165783741092793207e+03
1.092000000000000028e+02 9.014815471547623019e+03
1.094000000000000057e+02 9.163856849546597005e+03
1.095999999999999943e+02 9.110897878678975758e+03
1.097999999999999972e+02 9.211938562491253833e+03
1.100000000000000000e+02 9.056978904487743421e+03
1.102000000000000028e+02 8.926018908131145508e+03
1.104000000000000057e+02 8.874058576843121045e+03
1.105999999999999943e+02 8.976097914004845734e+03
1.107999999999999972e+02 8.891136922957553907e+03
1.110000000000000000e+02 8.798175607003086043e+03
1.112000000000000028e+02 8.904223969404414675e+03
1.114000000000000057e+02 8.747262013386171020e+03
1.115999999999999943e+02 8.752289742135160850e+03
1.117999999999999972e+02 8.646327158800870166e+03
1.120000000000000000e+02 8.765374266495971824e+03
1.122000000000000028e+02 8.599401068296805533e+03
1.124000000000000057e+02 8.444437567243876401e+03
1.125999999999999943e+02 8.556473766342329327e+03
1.127999999999999972e+02 8.473519668562414154e+03
1.130000000000000000e+02 8.592545276839955477e+03
1.132000000000000028e+02 8.511580594076805937e+03
1.134000000000000057e+02 8.457615623141302422e+03
1.135999999999999943e+02 8.368650366868701894e+03
1.137999999999999972e+02 8.297684828061617736e+03
1.140000000000000000e+02 8.229719009490458120e+03
1.142000000000000028e+02 8.302752913893842560e+03
1.144000000000000057e+02 8.156786543979023918e+03
1.145999999999999943e+02 8.337829902422294253e+03
1.147999999999999972e+02 8.103852991869397556e+03
1.150000000000000000e+02 8.091885814935922099e+03
1.152000000000000028e+02 8.175928374207697743e+03
1.154000000000000057e+02 8.149950672241182474e+03
1.155999999999999943e+02 8.123982711563845442e+03
1.157999999999999972e+02 8.014014494674541311e+03
1.160000000000000000e+02 7.847056024043882644e+03
1.162000000000000028e+02 8.099087302114605336e+03
1.164000000000000057e+02 8.015108331301928047e+03
1.165999999999999943e+02 7.892139113993907813e+03
1.167999999999999972e+02 7.916169652551788204e+03
1.170000000000000000e+02 7.997199949310347620e+03
1.172000000000000028e+02 7.984230006578234679e+03
1.174000000000000057e+02 7.921259826638304730e+03
1.175999999999999943e+02 7.600289411747951817e+03
1.177999999999999972e+02 7.668318764139428822e+03
1.180000000000000000e+02 7.723347886020173974e+03
1.182000000000000028e+02 7.817386779573123931e+03
1.184000000000000057e+02 7.558405446957021923e+03
1.185999999999999943e+02 7.549433890306730973e+03
1.187999999999999972e+02 7.576462111733532765e+03
1.190000000000000000e+02 7.582490113325426137e+03
1.192000000000000028e+02 7.583517897147420626e+03
1.194000000000000057e+02 7.577555465241827733e+03
1.195999999999999943e+02 7.353572819628546313e+03
1.197999999999999972e+02 7.426599962305343070e+03
1.200000000000000000e+02 7.479626895248130495e+03
1.202000000000000028e+02 7.257653620411241718e+03
1.204000000000000057e+02 7.314680139727700407e+03
1.205999999999999943e+02 7.295706455109482704e+03
1.207999999999999972e+02 7.275732568447786434e+03
1.210000000000000000e+02 7.449758481613284857e+03
1.212000000000000028e+02 7.129784196456383143e+03
1.214000000000000057e+02 7.319809714807469391e+03
1.215999999999999943e+02 7.056835038477162925e+03
1.217999999999999972e+02 7.078860169256558947e+03
1.220000000000000000e+02 7.265885108917468642e+03
1.222000000000000028e+02 7.244909859212657466e+03
1.224000000000000057e+02 7.042934421876081615e+03
1.225999999999999943e+02 7.005958798623115399e+03
1.227999999999999972e+02 7.053982991150781345e+03
1.230000000000000000e+02 7.037007001137973930e+03
1.232000000000000028e+02 6.974030830245685138e+03
1.234000000000000057e+02 6.994054480117215462e+03
1.235999999999999943e+02 6.973077952378398550e+03
1.237999999999999972e+02 6.869101248637806748e+03
1.240000000000000000e+02 6.960124370486964835e+03
1.242000000000000028e+02 6.751147319500554659e+03
1.244000000000000057e+02 6.655170097236621586e+03
1.245999999999999943e+02 6.721192705236773691e+03
1.247999999999999972e+02 6.853215145026380014e+03
1.250000000000000000e+02 6.752237418114770662e+03
1.252000000000000028e+02 6.742259525995422337e+03
1.254000000000000057e+02 6.526281470146158426e+03
1.255999999999999943e+02 6.614303252029327268e+03
1.257999999999999972e+02 6.587324873091994050e+03
1.260000000000000000e+02 6.731346334766124528e+03
1.262000000000000028e+02 6.627367638468757832e+03
1.264000000000000057e+02 6.729388785602193821e+03
1.265999999999999943e+02 6.408409777554162247e+03
1.267999999999999972e+02 6.453430615697999201e+03
1.270000000000000000e+02 6.393451301392817186e+03
1.272000000000000028e+02 6.389471835983673373e+03
1.274000000000000057e+02 6.388492220801736948e+03
1.275999999999999943e+02 6.324512457164451916e+03
1.277999999999999972e+02 6.312532546375701713e+03
1.280000000000000000e+02 6.371552489725965643e+03
1.281999999999999886e+02 6.323572288492479856e+03
1.284000000000000057e+02 6.222591943939390148e+03
1.285999999999999943e+02 6.322611457317907480e+03
1.288000000000000114e+02 6.252630829866459862e+03
1.290000000000000000e+02 6.213650062810840609e+03
1.291999999999999886e+02 6.169669157364354760e+03
1.294000000000000057e+02 6.228688114727969150e+03
1.295999999999999943e+02 6.083706936090451563e+03
1.298000000000000114e+02 6.102725622628514429e+03
1.300000000000000000e+02 6.106744175506954889e+03
1.301999999999999886e+02 6.064762595878793945e+03
1.304000000000000057e+02 5.888780884885411069e+03
1.305999999999999943e+02 6.141799043656678805e+03
1.308000000000000114e+02 6.210817073311096465e+03
1.310000000000000000e+02 5.919834974955921098e+03
1.311999999999999886e+02 5.937852749687297546e+03
1.314000000000000057e+02 5.982870398590383957e+03
1.315999999999999943e+02 5.841887922739480928e+03
1.318000000000000114e+02 5.830905323198152473e+03
1.320000000000000000e+02 5.904922601019352442e+03
1.321999999999999886e+02 5.765939757245543660e+03
1.324000000000000057e+02 5.897966792908817297e+03
1.325999999999999943e+02 5.789973709031010912e+03
1.328000000000000114e+02 5.780990506623828878e+03
1.330000000000000000e+02 5.684007186688951151e+03
1.331999999999999886e+02 5.691023750218153509e+03
1.334000000000000057e+02 5.687040198193412834e+03
1.335999999999999943e+02 5.724056531587024438e+03
1.338000000000000114e+02 5.712072751361708470e+03
1.340000000000000000e+02 5.575088858470717241e+03
1.341999999999999886e+02 5.507104853857942544e+03
1.344000000000000057e+02 5.702120738458021151e+03
1.345999999999999943e+02 5.596136513196439410e+03
1.348000000000000114e+02 5.530152178989634194e+03
1.350000000000000000e+02 5.670167736745094771e+03
1.351999999999999886e+02 5.619183187361464661e+03
1.354000000000000057e+02 5.555198531728637136e+03
1.355999999999999943e+02 5.465213770727855263e+03
1.358000000000000114e+02 5.482228905231807403e+03
1.360000000000000000e+02 5.493243936104721797e+03
1.361999999999999886e+02 5.389258864202463883e+03
1.364000000000000057e+02 5.346273690372620877e+03
1.365999999999999943e+02 5.398288415454604547e+03
1.368000000000000114e+02 5.246303040279730340e+03
1.370000000000000000e+02 5.359317565671316515e+03
1.371999999999999886e+02 5.239331992444765092e+03
1.374000000000000057e+02 5.360346321407653704e+03
1.375999999999999943e+02 5.258360553359818368e+03
1.378000000000000114e+02 5.269374689093439883e+03
1.380000000000000000e+02 5.176388729393129324e+03
1.381999999999999886e+02 5.191402675036006258e+03
1.384000000000000057e+02 5.221416526791786055e+03
1.385999999999999943e+02 5.142430285422858105e+03
1.388000000000000114e+02 5.202443951684364038e+03
1.390000000000000000e+02 5.097457526324280479e+03
1.391999999999999886e+02 5.010471010083493638e+03
1.394000000000000057e+02 5.217484403695877518e+03
1.395999999999999943e+02 5.110497707888370314e+03
1.398000000000000114e+02 5.289510923381048997e+03
1.400000000000000000e+02 4.894524050887202975e+03
1.401999999999999886e+02 5.128537091113408678e+03
1.404000000000000057e+02 4.915550044759599587e+03
1.405999999999999943e+02 5.054562912519141719e+03
1.408000000000000114e+02 5.051575695078900935e+03
1.410000000000000000e+02 5.019588393119312059e+03
1.411999999999999886e+02 5.023601007314450726e+03
1.414000000000000057e+02 5.053613538332100688e+03
1.415999999999999943e+02 4.981625986833818388e+03
1.418000000000000114e+02 5.016638353475004806e+03
1.420000000000000000e+02 4.908650638904963671e+03
1.421999999999999886e+02 4.927662843766974220e+03
1.424000000000000057e+02 4.993674968698349403e+03
1.425999999999999943e+02 4.930687014330502279e+03
1.428000000000000114e+02 4.837698981289007861e+03
1.430000000000000000e+02 4.902710870193663141e+03
1.431999999999999886e+02 4.790722681658551664e+03
1.434000000000000057e+02 4.862734416292101741e+03
1.435999999999999943e+02 4.888746074697146469e+03
1.438000000000000114e+02 4.917757657470981030e+03
1.440000000000000000e+02 4.785769165205423633e+03
1.441999999999999886e+02 4.727780598486872805e+03
1.444000000000000057e+02 4.893791957896361055e+03
1.445999999999999943e+02 4.722803244009615810e+03
1.448000000000000114e+02 4.729814457397110345e+03
1.450000000000000000e+02 4.729825598624121994e+03
1.451999999999999886e+02 4.702836668250785806e+03
1.454000000000000057e+02 4.728847666832145478e+03
1.455999999999999943e+02 4.510858594918209747e+03
1.458000000000000114e+02 4.635869453054003316e+03
1.460000000000000000e+02 4.640880241779617791e+03
1.461999999999999886e+02 4.623890961630264428e+03
1.464000000000000057e+02 4.570901613136323249e+03
1.465999999999999943e+02 4.669912196823393060e+03
1.468000000000000114e+02 4.617922713212343297e+03
1.470000000000000000e+02 4.701933162819358586e+03
1.471999999999999886e+02 4.519943546155989679e+03
1.474000000000000057e+02 4.491953863729202567e+03
1.475999999999999943e+02 4.522964116041420311e+03
1.478000000000000114e+02 4.548974303590574891e+03
1.480000000000000000e+02 4.569984426870151765e+03
1.481999999999999886e+02 4.506994486369233528e+03
1.484000000000000057e+02 4.482004482572545385e+03
1.485999999999999943e+02 4.598014415960504266e+03
1.488000000000000114e+02 4.472024287009254294e+03
1.490000000000000000e+02 4.464034096190716809e+03
1.491999999999999886e+02 4.425043843972632203e+03
1.494000000000000057e+02 4.402053530818599938e+03
1.495999999999999943e+02 4.477063157188122204e+03
1.498000000000000114e+02 4.358072723536645753e+03
1.500000000000000000e+02 4.372082230315602828e+03
1.501999999999999886e+02 4.432091677972450270e+03
1.504000000000000057e+02 4.393101066950711356e+03
1.505999999999999943e+02 4.298110397690013087e+03
1.508000000000000114e+02 4.459119670626128936e+03
1.510000000000000000e+02 4.420128886191013407e+03
1.511999999999999886e+02 4.316138044812844782e+03
1.514000000000000057e+02 4.335147146916059683e+03
1.515999999999999943e+02 4.299156192921390357e+03
1.518000000000000114e+02 4.265165183245904700e+03
1.520000000000000000e+02 4.458174118303038995e+03
1.521999999999999886e+02 4.330182998502637020e+03
1.524000000000000057e+02 4.252191824250985519e+03
1.525999999999999943e+02 4.374200595950847855e+03
1.528000000000000114e+02 4.190209314001501298e+03
1.530000000000000000e+02 4.201217978798767945e+03
1.531999999999999886e+02 4.112226590735053833e+03
1.534000000000000057e+02 4.137235150199378950e+03
1.535999999999999943e+02 4.218243657577411796e+03
1.538000000000000114e+02 4.184252113251503943e+03
1.540000000000000000e+02 4.141260517600720959e+03
1.541999999999999886e+02 4.194268871000872423e+03
1.544000000000000057e+02 4.215277173824551028e+03
1.545999999999999943e+02 4.089285426441157597e+03
1.548000000000000114e+02 4.109293629216934278e+03
1.550000000000000000e+02 4.226301782514997285e+03
1.551999999999999886e+02 4.128309886695363275e+03
1.554000000000000057e+02 4.143317942114986181e+03
1.555999999999999943e+02 4.098325949127781314e+03
1.558000000000000114e+02 4.073333908084654922e+03
1.560000000000000000e+02 3.957341819333538751e+03
1.561999999999999886e+02 4.053349683219414601e+03
1.564000000000000057e+02 4.028357500084342973e+03
1.565999999999999943e+02 4.028365270267493997e+03
1.568000000000000114e+02 4.011372994105172438e+03
1.570000000000000000e+02 4.030380671930848621e+03
1.571999999999999886e+02 4.095388304075182077e+03
1.574000000000000057e+02 4.081395890866051559e+03
1.575999999999999943e+02 3.882403432628581413e+03
1.578000000000000114e+02 3.909410929685167048e+03
1.580000000000000000e+02 3.959418382355501763e+03
1.581999999999999886e+02 3.924425790956602214e+03
1.584000000000000057e+02 3.890433155802834790e+03
1.585999999999999943e+02 3.970440477205941079e+03
1.588000000000000114e+02 4.047447755475062422e+03
1.590000000000000000e+02 3.869454990916764018e+03
1.591999999999999886e+02 3.973462183835061751e+03
1.594000000000000057e+02 3.915469334531444929e+03
1.595999999999999943e+02 3.844476443304899021e+03
1.598000000000000114e+02 3.978483510451933398e+03
1.600000000000000000e+02 3.939490536266599975e+03
1.601999999999999886e+02 3.823497521040520951e+03
1.604000000000000057e+02 3.815504465062908366e+03
1.605999999999999943e+02 3.903511368620590019e+03
1.608000000000000114e+02 3.840518231998028114e+03
1.610000000000000000e+02 3.694525055477346086e+03
1.611999999999999886e+02 3.801531839338347254e+03
1.614000000000000057e+02 3.805538583858538004e+03
1.615999999999999943e+02 3.913545289313148714e+03
1.618000000000000114e+02 3.775551955975156034e+03
1.620000000000000000e+02 3.833558584115304257e+03
1.621999999999999886e+02 3.702565174002124422e+03
1.624000000000000057e+02 3.792571725901957052e+03
1.625999999999999943e+02 3.737578240078970794e+03
1.628000000000000114e+02 3.736584716795184704e+03
1.630000000000000000e+02 3.746591156310486895e+03
1.631999999999999886e+02 3.737597558882654539e+03
1.634000000000000057e+02 3.800603924767373883e+03
1.635999999999999943e+02 3.768610254218259342e+03
1.638000000000000114e+02 3.782616547486873060e+03
1.640000000000000000e+02 3.651622804822744001e+03
1.641999999999999886e+02 3.739629026473386148e+03
1.644000000000000057e+02 3.698635212684317139e+03
1.645999999999999943e+02 3.739641363699078283e+03
1.648000000000000114e+02 3.752647479759250473e+03
1.650000000000000000e+02 3.670653561104473738e+03
1.651999999999999886e+02 3.764659607972464983e+03
1.654000000000000057e+02 3.566665620599035719e+03
1.655999999999999943e+02 3.640671599218108440e+03
1.658000000000000114e+02 1.942677544061735261e+03
1.660000000000000000e+02 -1.216544639885553947e+00
1.661999999999999886e+02 -1.210666658392279160e+00
1.664000000000000057e+02 -1.204821767243325237e+00
1.665999999999999943e+02 -1.199009741700417075e+00
1.668000000000000114e+02 -1.193230358812182645e+00
1.670000000000000000e+02 -1.187483397397886220e+00
1.671999999999999886e+02 -1.181768638031313712e+00
1.674000000000000057e+02 -1.176085863024833866e+00
1.675999999999999943e+02 -1.170434856413620661e+00
1.678000000000000114e+02 -1.164815403940028915e+00
1.680000000000000000e+02 -1.159227293038143314e+00
1.681999999999999886e+02 -1.153670312818472210e+00
1.684000000000000057e+02 -1.148144254052803293e+00
1.685999999999999943e+02 -1.142648909159217796e+00
1.688000000000000114e+02 -1.137184072187244377e+00
1.690000000000000000e+02 -1.131749538803179744e+00
1.691999999999999886e+02 -1.126345106275542740e+00
1.694000000000000057e+02 -1.120970573460686959e+00
1.695999999999999943e+02 -1.115625740788556364e+00
1.698000000000000114e+02 -1.110310410248578572e+00
1.700000000000000000e+02 -1.105024385375711793e+00
1.701999999999999886e+02 -1.099767471236620775e+00
1.704000000000000057e+02 -1.094539474415999525e+00
1.705999999999999943e+02 -1.089340203003033247e+00
1.708000000000000114e+02 -1.084169466577985963e+00
1.710000000000000000e+02 -1.079027076198936008e+00
1.711999999999999886e+02 -1.073912844388633880e+00
1.714000000000000057e+02 -1.068826585121497086e+00
1.715999999999999943e+02 -1.063768113810735993e+00
1.718000000000000114e+02 -1.058737247295603146e+00
1.720000000000000000e+02 -1.053733803828776905e+00
1.721999999999999886e+02 -1.048757603063862343e+00
1.724000000000000057e+02 -1.043808466043024463e+00
1.725999999999999943e+02 -1.038886215184743556e+00
1.728000000000000114e+02 -1.033990674271682897e+00
1.730000000000000000e+02 -1.029121668438692794e+00
1.731999999999999886e+02 -1.024279024160917428e+00
1.734000000000000057e+02 -1.019462569242030270e+00
1.735999999999999943e+02 -1.014672132802584059e+00
1.738000000000000114e+02 -1.009907545268469375e+00
1.740000000000000000e+02 -1.005168638359498212e+00
1.741999999999999886e+02 -1.000455245078088584e+00
1.744000000000000057e+02 -9.957671996980687057e-01
1.745999999999999943e+02 -9.911043377535889709e-01
1.748000000000000114e+02 -9.864664960281398498e-01
1.750000000000000000e+02 -9.818535125436850253e-01
1.751999999999999886e+02 -9.772652265498903423e-01
1.754000000000000057e+02 -9.727014785134681096e-01
1.755999999999999943e+02 -9.681621101076224312e-01
1.758000000000000114e+02 -9.636469642015926818e-01
1.760000000000000000e+02 -9.591558848503086709e-01
1.761999999999999886e+02 -9.546887172841375113e-01
1.764000000000000057e+02 -9.502453078987344037e-01
1.765999999999999943e+02 -9.458255042449955630e-01
1.768000000000000114e+02 -9.414291550191006275e-01
1.770000000000000000e+02 -9.370561100526603182e-01
1.771999999999999886e+02 -9.327062203029515830e-01
1.774000000000000057e+02 -9.283793378432542154e-01
1.775999999999999943e+02 -9.240753158532787337e-01
1.778000000000000114e+02 -9.197940086096824119e-01
1.780000000000000000e+02 -9.155352714766861189e-01
1.781999999999999886e+02 -9.112989608967708710e-01
1.784000000000000057e+02 -9.070849343814711974e-01
1.785999999999999943e+02 -9.028930505022577657e-01
1.788000000000000114e+02 -8.987231688815003894e-01
1.790000000000000000e+02 -8.945751501835277342e-01
1.791999999999999886e+02 -8.904488561057625207e-01
1.794000000000000057e+02 -8.863441493699490970e-01
1.795999999999999943e+02 -8.822608937134647222e-01
1.798000000000000114e+02 -8.781989538807065676e-01
1.800000000000000000e+02 -8.741581956145716426e-01
1.801999999999999886e+02 -8.701384856480082197e-01
1.804000000000000057e+02 -8.661396916956540792e-01
1.805999999999999943e+02 -8.621616824455531347e-01
1.808000000000000114e+02 -8.582043275509474434e-01
1.810000000000000000e+02 -8.542674976221530381e-01
1.811999999999999886e+02 -8.503510642185062585e-01
1.814000000000000057e+02 -8.464548998403915725e-01
1.815999999999999943e+02 -8.425788779213441160e-01
1.818000000000000114e+02 -8.387228728202221761e-01
1.820000000000000000e+02 -8.348867598134618317e-01
1.821999999999999886e+02 -8.310704150873964302e-01
1.824000000000000057e+02 -8.272737157306534472e-01
1.825999999999999943e+02 -8.234965397266236220e-01
1.828000000000000114e+02 -8.197387659459950404e-01
1.830000000000000000e+02 -8.160002741393657111e-01
1.831999999999999886e+02 -8.122809449299175366e-01
1.834000000000000057e+02 -8.085806598061636707e-01
1.835999999999999943e+02 -8.048993011147648202e-01
1.838000000000000114e+02 -8.012367520534066090e-01
1.840000000000000000e+02 -7.975928966637517714e-01
1.841999999999999886e+02 -7.939676198244511873e-01
1.844000000000000057e+02 -7.903608072442224186e-01
1.845999999999999943e+02 -7.867723454549969686e-01
1.848000000000000114e+02 -7.832021218051223865e-01
1.850000000000000000e+02 -7.796500244526375356e-01
1.851999999999999886e+02 -7.761159423586018180e-01
1.854000000000000057e+02 -7.725997652804914573e-01
1.855999999999999943e+02 -7.691013837656566210e-01
1.858000000000000114e+02 -7.656206891448359420e-01
1.860000000000000000e+02 -7.621575735257349882e-01
1.861999999999999886e+02 -7.587119297866606882e-01
1.864000000000000057e+02 -7.552836515702161524e-01
1.865999999999999943e+02 -7.518726332770552245e-01
1.868000000000000114e+02 -7.484787700596906568e-01
1.870000000000000000e+02 -7.451019578163630142e-01
1.871999999999999886e+02 -7.417420931849632026e-01
1.874000000000000057e+02 -7.383990735370112857e-01
1.875999999999999943e+02 -7.350727969716945864e-01
1.878000000000000114e+02 -7.317631623099527527e-01
1.880000000000000000e+02 -7.284700690886242169e-01
1.881999999999999886e+02 -7.251934175546413952e-01
1.884000000000000057e+02 -7.219331086592813973e-01
1.885999999999999943e+02 -7.186890440524692503e-01
1.888000000000000114e+02 -7.154611260771304160e-01
1.890000000000000000e+02 -7.122492577635989308e-01
1.891999999999999886e+02 -7.090533428240713976e-01
1.894000000000000057e+02 -7.058732856471163775e-01
1.895999999999999943e+02 -7.027089912922309667e-01
1.898000000000000114e+02 -6.995603654844446684e-01
1.900000000000000000e+02 -6.964273146089791089e-01
1.901999999999999886e+02 -6.933097457059466118e-01
1.904000000000000057e+02 -6.902075664651043940e-01
1.905999999999999943e+02 -6.871206852206539484e-01
1.908000000000000114e+02 -6.840490109460836132e-01
1.910000000000000000e+02 -6.809924532490653215e-01
1.911999999999999886e+02 -6.779509223663882089e-01
1.914000000000000057e+02 -6.749243291589446248e-01
1.915999999999999943e+02 -6.719125851067597743e-01
