# energy (eV)  EELS (a.u)
2.200000999999999873e+00 6.221561046632496073e+01
2.399999999999999911e+00 -7.662520591045404217e+01
2.600000000000000089e+00 3.939671328520944371e+00
2.800000999999999962e+00 2.439285698413868886e+01
3.000000000000000000e+00 1.091096728272866585e+02
3.200000999999999873e+00 1.531907738138888817e+02
3.399999999999999911e+00 2.140083261174679592e+02
3.600000000000000089e+00 2.608603008802342629e+02
3.800000999999999962e+00 3.133903142761701019e+02
4.000000000000000000e+00 3.579452586709169282e+02
4.200001000000000317e+00 4.053757585338112222e+02
4.400000000000000355e+00 4.445167199278788530e+02
4.599999999999999645e+00 4.795035213215659269e+02
4.800000999999999962e+00 5.099710777323655293e+02
5.000000000000000000e+00 5.391912748652456457e+02
5.200001000000000317e+00 5.631696680469592593e+02
5.400000000000000355e+00 5.817084694766144821e+02
5.599999999999999645e+00 6.054575146282472815e+02
5.800000999999999962e+00 6.219470236529244858e+02
6.000000000000000000e+00 6.416137015417525618e+02
6.200001000000000317e+00 6.578215290833600193e+02
6.400000000000000355e+00 6.738744904189375120e+02
6.599999999999999645e+00 6.870298829611820111e+02
6.800000999999999962e+00 7.095059174928117045e+02
7.000000000000000000e+00 7.194888116087849994e+02
7.200001000000000317e+00 7.381392022626196194e+02
7.400000000000000355e+00 7.485952218083513117e+02
7.599999999999999645e+00 7.669773222902176713e+02
7.800000999999999962e+00 7.763903308638359704e+02
8.000000000000000000e+00 7.879258848433117919e+02
8.200001000000000317e+00 7.976649958560874438e+02
8.400002000000000635e+00 8.066788290750716897e+02
8.600001999999999924e+00 8.140304972992137209e+02
8.799998999999999683e+00 8.177760625459889070e+02
9.000000000000000000e+00 8.249659320559516118e+02
9.200001000000000317e+00 8.266446930917676355e+02
9.400002000000000635e+00 8.298525226868966911e+02
9.600001999999999924e+00 8.326255220305347393e+02
9.799998999999999683e+00 8.299962163003299338e+02
1.000000000000000000e+01 8.279943241655475958e+02
1.019999999999999929e+01 8.266463618950165255e+02
1.040000000000000036e+01 8.199766145230329357e+02
1.059999999999999964e+01 8.120071528696837504e+02
1.080000000000000071e+01 8.047581063574879181e+02
1.100000000000000000e+01 7.962478698592384490e+02
1.119999999999999929e+01 7.854932848166597523e+02
1.140000000000000036e+01 7.835097982713126612e+02
1.159999999999999964e+01 7.703116028737895249e+02
1.180000000000000071e+01 7.649117604618897985e+02
1.200000000000000000e+01 7.583223114042477846e+02
1.219999999999999929e+01 7.525543715777107536e+02
1.240000000000000036e+01 7.496182185726112266e+02
1.259999999999999964e+01 7.455233684902449340e+02
1.280000000000000071e+01 7.422786445035565066e+02
1.300000000000000000e+01 7.448922381889258304e+02
1.319999999999999929e+01 7.423717644988945494e+02
1.340000000000000036e+01 7.447243111284769839e+02
1.359999999999999964e+01 7.479564829279299829e+02
1.380000000000000071e+01 7.520744419296838714e+02
1.400000000000000000e+01 7.550839434842305309e+02
1.419999999999999929e+01 7.559903689371959672e+02
1.440000000000000036e+01 7.657987552260021857e+02
1.459999999999999964e+01 7.655138217280937170e+02
1.480000000000000071e+01 7.711399946525835958e+02
1.500000000000000000e+01 7.746814292323981590e+02
1.519999999999999929e+01 7.771420299438193524e+02
1.540000000000000036e+01 7.795254689540470281e+02
1.559999999999999964e+01 7.788352029745042273e+02
1.580000000000000071e+01 7.830744886775933082e+02
1.600000000000000000e+01 7.792463968170902717e+02
1.619999999999999929e+01 7.813538251770025909e+02
1.639999999999999858e+01 7.813995104602107631e+02
1.660000000000000142e+01 7.763860392163308006e+02
1.680000000000000071e+01 7.753158578977532898e+02
1.700000000000000000e+01 7.761912821235591764e+02
1.719999999999999929e+01 7.670145052228212990e+02
1.739999999999999858e+01 7.707876061215420123e+02
1.760000000000000142e+01 7.655125566310380236e+02
1.780000000000000071e+01 7.561912281898544279e+02
1.800000000000000000e+01 7.538253981061943705e+02
1.819999999999999929e+01 7.484167553433051125e+02
1.839999999999999858e+01 7.449669058862042448e+02
1.860000000000000142e+01 7.374773777245032989e+02
1.880000000000000071e+01 7.329496254828354722e+02
1.900000000000000000e+01 7.283850347274890282e+02
1.919999999999999929e+01 7.257849259752294984e+02
1.939999999999999858e+01 7.221505584279494769e+02
1.960000000000000142e+01 7.174831334546710195e+02
1.980000000000000071e+01 7.137837978405237891e+02
2.000000000000000000e+01 7.090536468206031486e+02
2.019999999999999929e+01 7.062937269150663724e+02
2.039999999999999858e+01 7.005050385804199777e+02
2.060000000000000142e+01 6.986885386906876647e+02
2.080000000000000071e+01 7.008451428609965888e+02
2.100000000000000000e+01 7.009757276250800260e+02
2.119999999999999929e+01 7.050811324772490707e+02
2.139999999999999858e+01 7.071621617885253954e+02
2.160000000000000142e+01 7.072195866058486899e+02
2.180000000000000071e+01 7.062541463425558277e+02
2.200000000000000000e+01 7.202665503676880689e+02
2.219999999999999929e+01 7.352574795010823436e+02
2.239999999999999858e+01 7.492275874206702611e+02
2.260000000000000142e+01 7.711775019879102047e+02
2.280000000000000071e+01 7.901078264968298299e+02
2.300000000000000000e+01 8.010191408517395075e+02
2.319999999999999929e+01 8.109120026783031108e+02
2.339999999999999858e+01 8.067869483723022768e+02
2.360000000000000142e+01 8.006444940901133123e+02
2.380000000000000071e+01 7.914851366846214660e+02
2.400000000000000000e+01 7.823093545900337631e+02
2.419999999999999929e+01 7.711176086587958025e+02
2.439999999999999858e+01 7.569103429535995247e+02
2.460000000000000142e+01 7.476879854972524981e+02
2.480000000000000071e+01 7.284509489829887343e+02
2.500000000000000000e+01 7.191996314476238013e+02
2.519999999999999929e+01 7.089344169097896611e+02
2.539999999999999858e+01 6.906556759753352708e+02
2.560000000000000142e+01 6.813637664118365365e+02
2.580000000000000071e+01 6.620590336940297220e+02
2.600000000000000000e+01 6.547418115218644061e+02
2.619999999999999929e+01 6.374124223127550977e+02
2.639999999999999858e+01 6.280711776695144408e+02
2.660000000000000142e+01 6.157183788253482817e+02
2.680000000000000071e+01 6.053543170672094220e+02
2.700000000000000000e+01 5.919792741387220758e+02
2.719999999999999929e+01 5.825935226238094629e+02
2.739999999999999858e+01 5.741973263120938782e+02
2.760000000000000142e+01 5.607909405470613819e+02
2.780000000000000071e+01 5.533746125579316413e+02
2.800000000000000000e+01 5.459485817761089947e+02
2.819999999999999929e+01 5.375130801370406743e+02
2.839999999999999858e+01 5.270683323682584387e+02
2.860000000000000142e+01 5.236145562643295079e+02
2.880000000000000071e+01 5.161519629494059700e+02
2.900000000000000000e+01 5.056807571280130560e+02
2.919999999999999929e+01 5.032011373246876929e+02
2.939999999999999858e+01 4.977132961130341755e+02
2.960000000000000142e+01 4.912174203347391312e+02
2.980000000000000071e+01 4.867136913090508870e+02
3.000000000000000000e+01 4.812022850332024291e+02
3.019999999999999929e+01 4.786833723742293500e+02
3.039999999999999858e+01 4.761571192526080267e+02
3.060000000000000142e+01 4.706236868181169370e+02
3.080000000000000071e+01 4.670832316182997488e+02
3.100000000000000000e+01 4.655359057598899426e+02
3.119999999999999929e+01 4.599818570635352444e+02
3.139999999999999858e+01 4.614212292121430892e+02
3.160000000000000142e+01 4.538541618931492962e+02
3.180000000000000071e+01 4.572807909349985493e+02
3.200000000000000000e+01 4.517012484381064041e+02
3.220000000000000284e+01 4.511156629005620857e+02
3.239999999999999858e+01 4.465241593388132060e+02
3.260000000000000142e+01 4.469268594035661408e+02
3.279999999999999716e+01 4.473238814911182430e+02
3.300000000000000000e+01 4.427153408503314154e+02
3.320000000000000284e+01 4.411013496854426990e+02
3.339999999999999858e+01 4.374820172548994606e+02
3.360000000000000142e+01 4.378574499663959614e+02
3.379999999999999716e+01 4.362277514682797914e+02
3.400000000000000000e+01 4.305930227374884680e+02
3.420000000000000284e+01 4.319533621641677428e+02
3.439999999999999858e+01 4.283088656331162838e+02
3.460000000000000142e+01 4.286596266021937254e+02
3.479999999999999716e+01 4.240057361778232234e+02
3.500000000000000000e+01 4.223472831877123781e+02
3.520000000000000284e+01 4.226843542509104736e+02
3.539999999999999858e+01 4.210170338453156660e+02
3.560000000000000142e+01 4.143454043727375620e+02
3.579999999999999716e+01 4.166695462216192141e+02
3.600000000000000000e+01 4.119895378275139137e+02
3.620000000000000284e+01 4.103054557314110866e+02
3.639999999999999858e+01 4.086173746359982033e+02
3.660000000000000142e+01 4.069253674599439137e+02
3.679999999999999716e+01 4.082295053902826112e+02
3.700000000000000000e+01 4.045298579329764266e+02
3.720000000000000284e+01 4.008264929617286043e+02
3.739999999999999858e+01 4.031194767651177244e+02
3.760000000000000142e+01 3.994088740921192198e+02
3.779999999999999716e+01 3.996947481960783648e+02
3.800000000000000000e+01 3.959771608771950469e+02
3.820000000000000284e+01 3.962561725235789822e+02
3.839999999999999858e+01 3.925318421509301174e+02
3.860000000000000142e+01 3.948042274408984440e+02
3.879999999999999716e+01 3.890733847781729082e+02
3.900000000000000000e+01 3.893393692863486990e+02
3.920000000000000284e+01 3.886022348626190706e+02
3.939999999999999858e+01 3.868620342113362085e+02
3.960000000000000142e+01 3.851188188764839424e+02
3.979999999999999716e+01 3.823726392731026067e+02
4.000000000000000000e+01 3.826235447177053857e+02
4.020000000000000284e+01 3.798715834577236024e+02
4.039999999999999858e+01 3.811168027000163647e+02
4.060000000000000142e+01 3.763592486384794711e+02
4.079999999999999716e+01 3.755989664807855206e+02
4.100000000000000000e+01 3.768360004742879141e+02
4.120000000000000284e+01 3.720703939311183603e+02
4.139999999999999858e+01 3.713021892525063095e+02
4.160000000000000142e+01 3.715314279523496452e+02
4.179999999999999716e+01 3.707581506800617603e+02
4.200000000000000000e+01 3.669823972427213334e+02
4.220000000000000284e+01 3.662042066265498192e+02
4.239999999999999858e+01 3.634236170177391614e+02
4.260000000000000142e+01 3.656406658226533750e+02
4.279999999999999716e+01 3.628553896874252587e+02
4.300000000000000000e+01 3.600678245169693241e+02
4.320000000000000284e+01 3.602780054934310101e+02
4.339999999999999858e+01 3.584859670940911087e+02
4.360000000000000142e+01 3.566917431087450723e+02
4.379999999999999716e+01 3.548953666565734579e+02
4.400000000000000000e+01 3.530968702025220409e+02
4.420000000000000284e+01 3.552962855732072285e+02
4.439999999999999858e+01 3.504936439723632020e+02
4.460000000000000142e+01 3.476889759958456239e+02
4.479999999999999716e+01 3.478823116462069720e+02
4.500000000000000000e+01 3.480736803468572589e+02
4.520000000000000284e+01 3.442631109558241178e+02
4.539999999999999858e+01 3.414506317791251604e+02
4.560000000000000142e+01 3.426362705837651674e+02
4.579999999999999716e+01 3.398200546103705051e+02
4.600000000000000000e+01 3.390020105854723056e+02
4.620000000000000284e+01 3.361821647334494401e+02
4.639999999999999858e+01 3.343605427881431069e+02
4.660000000000000142e+01 3.335371700041518466e+02
4.679999999999999716e+01 3.317120711678192038e+02
4.700000000000000000e+01 3.278852706079214840e+02
4.720000000000000284e+01 3.280567922060671435e+02
4.739999999999999858e+01 3.272266594068152585e+02
4.760000000000000142e+01 3.233948952275225679e+02
4.779999999999999716e+01 3.215615222679273870e+02
4.800000000000000000e+01 3.217265627194786362e+02
4.820000000000000284e+01 3.198900383744173155e+02
4.839999999999999858e+01 3.170519706346186126e+02
4.860000000000000142e+01 3.152123805202017479e+02
4.879999999999999716e+01 3.153712886779144355e+02
4.900000000000000000e+01 3.125287153892988385e+02
4.920000000000000284e+01 3.096846805786458958e+02
4.939999999999999858e+01 3.078392038207437622e+02
4.960000000000000142e+01 3.049923043484272966e+02
4.979999999999999716e+01 3.061440010599337143e+02
5.000000000000000000e+01 3.042943125260708257e+02
5.020000000000000284e+01 3.034432569972029228e+02
5.039999999999999858e+01 3.005908524100596537e+02
5.060000000000000142e+01 2.957371163943738566e+02
5.079999999999999716e+01 2.968820662793518181e+02
5.100000000000000000e+01 2.950257190999827230e+02
5.120000000000000284e+01 2.941680916031900779e+02
5.139999999999999858e+01 2.933092002538310794e+02
5.160000000000000142e+01 2.894490612405475645e+02
5.179999999999999716e+01 2.915876904814728618e+02
5.200000000000000000e+01 2.837251036297988662e+02
5.220000000000000284e+01 2.878613160792071994e+02
5.239999999999999858e+01 2.839963429691679266e+02
5.260000000000000142e+01 2.831301991901104316e+02
5.279999999999999716e+01 2.802628993884691226e+02
5.300000000000000000e+01 2.793944579716078920e+02
5.320000000000000284e+01 2.795248891126264539e+02
5.339999999999999858e+01 2.756542067550525985e+02
5.360000000000000142e+01 2.767824246174221798e+02
5.379999999999999716e+01 2.719095561977512148e+02
5.400000000000000000e+01 2.730356147779021967e+02
5.420000000000000284e+01 2.711606134278479203e+02
5.439999999999999858e+01 2.672845650098355463e+02
5.460000000000000142e+01 2.704074821824534069e+02
5.479999999999999716e+01 2.695293774046033377e+02
5.500000000000000000e+01 2.646502629393812640e+02
5.520000000000000284e+01 2.657701508578680887e+02
5.539999999999999858e+01 2.618890530428333818e+02
5.560000000000000142e+01 2.630069811923544876e+02
5.579999999999999716e+01 2.621239468233530943e+02
5.600000000000000000e+01 2.582399612750512574e+02
5.620000000000000284e+01 2.613550357123491494e+02
5.639999999999999858e+01 2.584691811291269232e+02
5.660000000000000142e+01 2.585824083514718268e+02
5.679999999999999716e+01 2.536947280408337235e+02
5.700000000000000000e+01 2.558061506971093593e+02
5.720000000000000284e+01 2.519166866616586731e+02
5.739999999999999858e+01 2.540263461202541180e+02
5.760000000000000142e+01 2.531351391059645835e+02
5.779999999999999716e+01 2.502430755019762785e+02
5.800000000000000000e+01 2.493501650443513711e+02
5.820000000000000284e+01 2.484564173247266581e+02
5.839999999999999858e+01 2.475618417929532313e+02
5.860000000000000142e+01 2.466664477596791016e+02
5.879999999999999716e+01 2.467702443988757750e+02
5.900000000000000000e+01 2.438732407503104866e+02
5.920000000000000284e+01 2.459754457219654000e+02
5.939999999999999858e+01 2.430768680924048795e+02
5.960000000000000142e+01 2.401775165130924847e+02
5.979999999999999716e+01 2.412773995106584550e+02
6.000000000000000000e+01 2.393765254891195013e+02
6.020000000000000284e+01 2.394749027320513903e+02
6.039999999999999858e+01 2.385725394047161103e+02
6.060000000000000142e+01 2.356694435561442447e+02
6.079999999999999716e+01 2.347656231211739453e+02
6.100000000000000000e+01 2.328610859224473870e+02
6.120000000000000284e+01 2.359558396723657552e+02
6.139999999999999858e+01 2.350498919750038453e+02
6.160000000000000142e+01 2.321432503279851574e+02
6.179999999999999716e+01 2.292359221243185061e+02
6.200000000000000000e+01 2.283279146541968316e+02
6.220000000000000284e+01 2.294192351067595439e+02
6.239999999999999858e+01 2.285098905718188291e+02
6.260000000000000142e+01 2.255998880415509120e+02
6.279999999999999716e+01 2.266892344121532403e+02
6.300000000000000000e+01 2.237779364854683024e+02
6.320000000000000284e+01 2.248660009705745608e+02
6.339999999999999858e+01 2.209534344853458663e+02
6.360000000000000142e+01 2.230402435579795224e+02
6.379999999999999716e+01 2.211264346284940530e+02
6.400000000000000000e+01 2.212120140501972116e+02
6.420000000000000284e+01 2.182969880911250016e+02
6.440000000000000568e+01 2.173813629354523300e+02
6.459999999999999432e+01 2.184651446848758383e+02
6.479999999999999716e+01 2.155483393599700435e+02
6.500000000000000000e+01 2.166309529015163093e+02
6.520000000000000284e+01 2.137129911718068058e+02
6.540000000000000568e+01 2.107944599559223775e+02
6.559999999999999432e+01 2.148753649629862252e+02
6.579999999999999716e+01 2.109557118273932588e+02
6.600000000000000000e+01 2.090355061100157741e+02
6.620000000000000284e+01 2.071147532993859954e+02
6.640000000000000568e+01 2.081934588128562211e+02
6.659999999999999432e+01 2.092716279977366298e+02
6.679999999999999716e+01 2.063492661324117137e+02
6.700000000000000000e+01 2.054263784274354236e+02
6.720000000000000284e+01 2.025029700266056238e+02
6.740000000000000568e+01 2.015790460080185085e+02
6.759999999999999432e+01 2.036546113851031237e+02
6.779999999999999716e+01 2.007296711076364488e+02
6.800000000000000000e+01 1.988042300627398333e+02
6.820000000000000284e+01 2.008782930758565328e+02
6.840000000000000568e+01 1.969518649117114819e+02
6.859999999999999432e+01 2.000249502752531043e+02
6.879999999999999716e+01 1.940975538125778428e+02
6.900000000000000000e+01 1.971696801118377778e+02
6.920000000000000284e+01 1.952413337041314776e+02
6.940000000000000568e+01 1.933125190643786198e+02
6.959999999999999432e+01 1.923832406121788665e+02
6.979999999999999716e+01 1.924535027126548243e+02
7.000000000000000000e+01 1.895233096772800536e+02
7.020000000000000284e+01 1.915926657646919011e+02
7.040000000000000568e+01 1.876615751814898942e+02
7.059999999999999432e+01 1.887300420830196401e+02
7.079999999999999716e+01 1.887980705741427414e+02
7.100000000000000000e+01 1.858656647099931547e+02
7.120000000000000284e+01 1.849328284967196510e+02
7.140000000000000568e+01 1.849995658922157702e+02
7.159999999999999432e+01 1.840658808068361338e+02
7.179999999999999716e+01 1.811317771041006779e+02
7.200000000000000000e+01 1.811972586013861815e+02
7.220000000000000284e+01 1.832623290706058299e+02
7.240000000000000568e+01 1.803269922388768123e+02
7.259999999999999432e+01 1.793912517891762661e+02
7.279999999999999716e+01 1.774551113609858533e+02
7.300000000000000000e+01 1.775185745509251660e+02
7.320000000000000284e+01 1.765816449133741344e+02
7.340000000000000568e+01 1.776443259610846042e+02
7.359999999999999432e+01 1.757066211657817121e+02
7.379999999999999716e+01 1.737685339587545741e+02
7.400000000000000000e+01 1.728300677314369977e+02
7.420000000000000284e+01 1.738912258359784744e+02
7.440000000000000568e+01 1.709520115858051383e+02
7.459999999999999432e+01 1.730124282561714608e+02
7.479999999999999716e+01 1.670724790847024224e+02
7.500000000000000000e+01 1.731321672719267895e+02
7.520000000000000284e+01 1.651914959818009834e+02
7.540000000000000568e+01 1.702504683422247069e+02
7.559999999999999432e+01 1.673090874455474477e+02
7.579999999999999716e+01 1.673673563490668812e+02
7.600000000000000000e+01 1.624252780755186620e+02
7.620000000000000284e+01 1.654828556135583995e+02
7.640000000000000568e+01 1.645400919182354187e+02
7.659999999999999432e+01 1.615969899114587349e+02
7.679999999999999716e+01 1.636535524824554955e+02
7.700000000000000000e+01 1.607097824882217196e+02
7.720000000000000284e+01 1.597656827539656490e+02
7.740000000000000568e+01 1.618212560735440491e+02
7.759999999999999432e+01 1.588765052098911781e+02
7.779999999999999716e+01 1.579314328954408495e+02
7.800000000000000000e+01 1.599860418325417868e+02
7.820000000000000284e+01 1.560403346938659865e+02
7.840000000000000568e+01 1.560943141228106867e+02
7.859999999999999432e+01 1.541479827338939401e+02
7.879999999999999716e+01 1.552013431131436221e+02
7.900000000000000000e+01 1.532543978184802711e+02
7.920000000000000284e+01 1.523071493800939606e+02
7.940000000000000568e+01 1.523596003008150603e+02
7.959999999999999432e+01 1.524117530564789718e+02
7.979999999999999716e+01 1.504636100962854357e+02
8.000000000000000000e+01 1.515151738431518140e+02
8.020000000000000284e+01 1.485664466940609145e+02
8.040000000000000568e+01 1.476174310204034441e+02
8.059999999999999432e+01 1.506681291683150619e+02
8.079999999999999716e+01 1.467185434590079183e+02
8.100000000000000000e+01 1.457686761890974481e+02
8.120000000000000284e+01 1.468185296309236207e+02
8.140000000000000568e+01 1.448681060328675869e+02
8.159999999999999432e+01 1.459174076196632086e+02
8.179999999999999716e+01 1.439664365927037295e+02
8.200000000000000000e+01 1.420151951303438977e+02
8.220000000000000284e+01 1.430636853881973991e+02
8.240000000000000568e+01 1.431119094994295722e+02
8.259999999999999432e+01 1.411598695750457466e+02
8.279999999999999716e+01 1.432075677041753181e+02
8.300000000000000000e+01 1.402550059543512475e+02
8.320000000000000284e+01 1.373021863717854956e+02
8.340000000000000568e+01 1.413491109816402229e+02
8.359999999999999432e+01 1.393957817882948120e+02
8.379999999999999716e+01 1.374422007756090522e+02
8.400000000000000000e+01 1.364883699071822036e+02
8.420000000000000284e+01 1.365342911266081956e+02
8.440000000000000568e+01 1.355799663577270735e+02
8.459999999999999432e+01 1.336253975048726659e+02
8.479999999999999716e+01 1.386705864531164991e+02
8.500000000000000000e+01 1.337155350685081885e+02
8.520000000000000284e+01 1.327602451983121341e+02
8.540000000000000568e+01 1.328047186712408347e+02
8.559999999999999432e+01 1.328489572976847910e+02
8.579999999999999716e+01 1.328929628699388275e+02
8.600000000000000000e+01 1.299367371624252030e+02
8.620000000000000284e+01 1.319802819319136233e+02
8.640000000000000568e+01 1.300235989177376723e+02
8.659999999999999432e+01 1.290666898420084863e+02
8.679999999999999716e+01 1.281095564098249042e+02
8.700000000000000000e+01 1.271522003094809605e+02
8.720000000000000284e+01 1.281946232126701375e+02
8.740000000000000568e+01 1.272368267746867190e+02
8.759999999999999432e+01 1.272788126346242308e+02
8.779999999999999716e+01 1.253205824155710673e+02
8.800000000000000000e+01 1.273621377248032900e+02
8.820000000000000284e+01 1.254034801539746695e+02
8.840000000000000568e+01 1.224446112793039703e+02
8.859999999999999432e+01 1.254855326617596489e+02
8.879999999999999716e+01 1.235262458472418388e+02
8.900000000000000000e+01 1.225667523667618468e+02
8.920000000000000284e+01 1.206070537366189654e+02
8.940000000000000568e+01 1.236471514585749958e+02
8.959999999999999432e+01 1.216870470200261281e+02
8.979999999999999716e+01 1.207267418941724486e+02
9.000000000000000000e+01 1.217662375401851591e+02
9.020000000000000284e+01 1.178055354033713513e+02
9.040000000000000568e+01 1.198446369153365367e+02
9.059999999999999432e+01 1.188835434941448597e+02
9.079999999999999716e+01 1.179222565444771931e+02
9.100000000000000000e+01 1.179607774577868753e+02
9.120000000000000284e+01 1.179991076124534288e+02
9.140000000000000568e+01 1.190372483739341476e+02
9.159999999999999432e+01 1.150752010949134814e+02
9.179999999999999716e+01 1.151129671154504877e+02
9.200000000000000000e+01 1.171505477631242513e+02
9.220000000000000284e+01 1.141879443531771727e+02
9.240000000000000568e+01 1.152251581886565361e+02
9.259999999999999432e+01 1.132621905605539183e+02
9.279999999999999716e+01 1.152990427479428490e+02
9.300000000000000000e+01 1.133357160181145673e+02
9.320000000000000284e+01 1.143722116267118594e+02
9.340000000000000568e+01 1.114085308178612621e+02
9.359999999999999432e+01 1.134446748243032772e+02
9.379999999999999716e+01 1.124806448675210220e+02
9.400000000000000000e+01 1.125164421578670044e+02
9.420000000000000284e+01 1.095520678946882924e+02
9.440000000000000568e+01 1.125875232664500061e+02
9.459999999999999432e+01 1.096228094508570763e+02
9.479999999999999716e+01 1.096579276149745255e+02
9.500000000000000000e+01 1.126928789153459718e+02
9.520000000000000284e+01 1.077276644981107694e+02
9.540000000000000568e+01 1.087622854991194146e+02
9.559999999999999432e+01 1.087967430440475454e+02
9.579999999999999716e+01 1.088310382485084062e+02
9.600000000000000000e+01 1.078651722181637922e+02
9.620000000000000284e+01 1.078991460488336287e+02
9.640000000000000568e+01 1.079329608266040168e+02
9.659999999999999432e+01 1.059666176279339425e+02
9.679999999999999716e+01 1.080001175197606216e+02
9.700000000000000000e+01 1.070334615596032961e+02
9.720000000000000284e+01 1.080666507956659501e+02
9.740000000000000568e+01 1.050996862669384626e+02
9.759999999999999432e+01 1.051325690032965952e+02
9.779999999999999716e+01 1.031653000256006152e+02
9.800000000000000000e+01 1.051978803457927256e+02
9.820000000000000284e+01 1.042303109669931160e+02
9.840000000000000568e+01 1.042625928835949480e+02
9.859999999999999432e+01 1.022947270813579763e+02
9.879999999999999716e+01 1.033267145375011040e+02
9.900000000000000000e+01 1.013585562207936306e+02
9.920000000000000284e+01 1.033902530916454197e+02
9.940000000000000568e+01 1.014218061021959443e+02
9.959999999999999432e+01 1.004532161964021526e+02
9.979999999999999716e+01 1.024844843101251826e+02
1.000000000000000000e+02 1.005156113712161385e+02
1.002000000000000028e+02 1.025465982996006034e+02
1.004000000000000057e+02 9.857744600736225493e+01
1.005999999999999943e+02 9.860815539882527503e+01
1.007999999999999972e+02 1.006387273706358627e+02
1.010000000000000000e+02 1.006691628118426678e+02
1.012000000000000028e+02 9.969946260397621529e+01
1.014000000000000057e+02 9.672962762112739199e+01
1.015999999999999943e+02 9.775965873002486717e+01
1.017999999999999972e+02 9.878955679011168911e+01
1.020000000000000000e+02 9.681932265362080159e+01
1.022000000000000028e+02 9.584895716564969348e+01
1.024000000000000057e+02 9.987846116423413889e+01
1.025999999999999943e+02 9.690783548042104201e+01
1.027999999999999972e+02 9.493708093834030137e+01
1.030000000000000000e+02 9.596619835527587838e+01
1.032000000000000028e+02 9.599518854173601312e+01
1.034000000000000057e+02 9.502405230152250226e+01
1.035999999999999943e+02 9.505279043179919540e+01
1.037999999999999972e+02 9.408140372315963873e+01
1.040000000000000000e+02 9.410989295969392288e+01
1.042000000000000028e+02 9.613825891905464971e+01
1.044000000000000057e+02 9.316650237252223121e+01
1.045999999999999943e+02 9.319462408506926465e+01
1.047999999999999972e+02 9.422262481542425405e+01
1.050000000000000000e+02 9.225050531613442217e+01
1.052000000000000028e+02 9.227826633362798248e+01
1.054000000000000057e+02 9.430590860827538791e+01
1.055999999999999943e+02 9.433343287445012493e+01
1.057999999999999972e+02 8.936083986058865491e+01
1.060000000000000000e+02 9.338813028924954551e+01
1.062000000000000028e+02 9.341530487717210463e+01
1.064000000000000057e+02 8.844236433533419017e+01
1.065999999999999943e+02 9.146930936900935194e+01
1.067999999999999972e+02 8.949614067782336235e+01
1.070000000000000000e+02 9.352285895580992303e+01
1.072000000000000028e+02 8.954946489146597344e+01
1.074000000000000057e+02 9.057595916780609002e+01
1.075999999999999943e+02 8.860234246241640221e+01
1.077999999999999972e+02 9.162861544750786891e+01
1.080000000000000000e+02 8.865477878996883021e+01
1.082000000000000028e+02 8.868083315141711864e+01
1.084000000000000057e+02 8.870677918825134611e+01
1.085999999999999943e+02 8.773261755170186404e+01
1.087999999999999972e+02 8.975834888788082822e+01
1.090000000000000000e+02 8.778397383783197938e+01
1.092000000000000028e+02 8.980949303757962809e+01
1.094000000000000057e+02 8.683490711817718477e+01
1.095999999999999943e+02 8.786021670575513554e+01
1.097999999999999972e+02 8.488542242156840700e+01
1.100000000000000000e+02 8.891052488204323367e+01
1.102000000000000028e+02 8.693552469882345690e+01
1.104000000000000057e+02 8.596042247881638332e+01
1.105999999999999943e+02 8.498521882423798957e+01
1.107999999999999972e+02 8.600991433265768649e+01
1.110000000000000000e+02 8.803450959704261436e+01
1.112000000000000028e+02 8.405900520580134128e+01
1.114000000000000057e+02 8.508340174282713519e+01
1.115999999999999943e+02 8.310769978754072440e+01
1.117999999999999972e+02 8.713189991493261743e+01
1.120000000000000000e+02 8.415600269560482616e+01
1.122000000000000028e+02 8.518000869581230461e+01
1.124000000000000057e+02 8.220391847750374836e+01
1.125999999999999943e+02 8.222773259836206705e+01
1.127999999999999972e+02 8.525145161184431686e+01
1.130000000000000000e+02 8.427507606722123512e+01
1.132000000000000028e+02 8.329860650961633439e+01
1.134000000000000057e+02 8.132204348004454175e+01
1.135999999999999943e+02 8.434538751545038338e+01
1.137999999999999972e+02 8.336863914874588488e+01
1.140000000000000000e+02 8.139179890884781798e+01
1.142000000000000028e+02 8.141486732071479082e+01
1.144000000000000057e+02 8.343784490538372722e+01
1.145999999999999943e+02 8.246073218000606175e+01
1.147999999999999972e+02 8.048352965788348001e+01
1.150000000000000000e+02 7.950623784850336051e+01
1.152000000000000028e+02 8.252885725757364810e+01
1.154000000000000057e+02 7.955138838705755688e+01
1.155999999999999943e+02 8.157383173520776154e+01
1.157999999999999972e+02 8.059618779660021914e+01
1.160000000000000000e+02 8.061845706216772101e+01
1.162000000000000028e+02 8.164064001923296132e+01
1.164000000000000057e+02 7.966273715154135004e+01
1.165999999999999943e+02 7.868474893929339942e+01
1.167999999999999972e+02 8.070667585917681208e+01
1.170000000000000000e+02 7.772851838439812866e+01
1.172000000000000028e+02 8.075027698471421900e+01
1.174000000000000057e+02 7.977195212646323341e+01
1.175999999999999943e+02 7.679354427259536919e+01
1.177999999999999972e+02 7.981505388270321077e+01
1.180000000000000000e+02 7.783648141305181412e+01
1.182000000000000028e+02 8.085782731660845002e+01
1.184000000000000057e+02 7.587909204307197797e+01
1.185999999999999943e+02 7.890027603890203522e+01
1.187999999999999972e+02 7.792137974734777117e+01
1.190000000000000000e+02 7.794240360847636850e+01
1.192000000000000028e+02 7.496334805920125177e+01
1.194000000000000057e+02 7.898421353330995487e+01
1.195999999999999943e+02 7.500500046149177535e+01
1.197999999999999972e+02 7.602570927136503087e+01
1.200000000000000000e+02 7.804634038750413083e+01
1.202000000000000028e+02 7.506689423146630702e+01
1.204000000000000057e+02 7.808737122181810264e+01
1.205999999999999943e+02 7.410777177416152028e+01
1.207999999999999972e+02 7.912809630115997095e+01
1.210000000000000000e+02 7.414834521256391042e+01
1.212000000000000028e+02 7.516851891523624829e+01
1.214000000000000057e+02 7.818861781317741588e+01
1.215999999999999943e+02 7.220864230755029212e+01
1.217999999999999972e+02 7.822859279670470301e+01
1.220000000000000000e+02 7.224846967620193539e+01
1.222000000000000028e+02 7.626827333883863957e+01
1.224000000000000057e+02 7.428800417467084571e+01
1.225999999999999943e+02 7.430766257103745431e+01
1.227999999999999972e+02 7.332724891258368416e+01
1.230000000000000000e+02 7.534676358128413654e+01
1.232000000000000028e+02 7.236620695646570312e+01
1.234000000000000057e+02 7.438557941483027491e+01
1.235999999999999943e+02 7.340488133047705333e+01
1.237999999999999972e+02 7.442411307492484696e+01
1.240000000000000000e+02 7.244327501713401318e+01
1.242000000000000028e+02 7.446236752352820076e+01
1.244000000000000057e+02 7.248139095801587928e+01
1.245999999999999943e+02 7.150034568201165541e+01
1.247999999999999972e+02 7.251923205445737608e+01
1.250000000000000000e+02 7.153805043184301837e+01
1.252000000000000028e+02 7.355680116822732373e+01
1.254000000000000057e+02 7.257548461525833261e+01
1.255999999999999943e+02 7.059410112219359235e+01
1.257999999999999972e+02 7.261265103592025127e+01
1.260000000000000000e+02 7.063113470097491131e+01
1.262000000000000028e+02 7.264955245956325314e+01
1.264000000000000057e+02 7.066790465157959034e+01
1.265999999999999943e+02 7.168619161462602563e+01
1.267999999999999972e+02 7.070441368403164972e+01
1.270000000000000000e+02 7.072257119287135652e+01
1.272000000000000028e+02 7.074066447198458718e+01
1.274000000000000057e+02 7.175869384999380429e+01
1.275999999999999943e+02 6.877665965332292330e+01
1.277999999999999972e+02 7.079456220621538876e+01
1.280000000000000000e+02 7.081240183075216521e+01
1.281999999999999886e+02 6.983017884686957188e+01
1.284000000000000057e+02 6.984789357237690410e+01
1.285999999999999943e+02 6.986554632297388423e+01
1.288000000000000114e+02 7.088313741226794207e+01
1.290000000000000000e+02 6.890066715179135315e+01
1.291999999999999886e+02 6.991813585101816386e+01
1.294000000000000057e+02 6.893554381738103132e+01
1.295999999999999943e+02 6.895289135628775057e+01
1.298000000000000114e+02 6.797017877113782447e+01
1.300000000000000000e+02 6.898740636333873510e+01
1.301999999999999886e+02 6.800457443232201626e+01
1.304000000000000057e+02 7.002168327555938276e+01
1.305999999999999943e+02 6.903873318857841923e+01
1.308000000000000114e+02 6.705572446497838257e+01
1.310000000000000000e+02 6.707265739644569180e+01
1.311999999999999886e+02 6.808953227276930420e+01
1.314000000000000057e+02 6.710634938185593512e+01
1.315999999999999943e+02 6.912310900974523520e+01
1.318000000000000114e+02 6.613981144062464068e+01
1.320000000000000000e+02 6.815645695684422378e+01
1.321999999999999886e+02 6.717304583893137249e+01
1.324000000000000057e+02 6.718957836560531405e+01
1.325999999999999943e+02 6.520605481379145374e+01
1.328000000000000114e+02 6.822247545863569940e+01
1.330000000000000000e+02 6.723884057351853016e+01
1.331999999999999886e+02 6.525515043006900839e+01
1.334000000000000057e+02 6.527140529817859260e+01
1.335999999999999943e+02 6.728760544601492199e+01
1.338000000000000114e+02 6.530375114003535941e+01
1.340000000000000000e+02 6.531984264500047743e+01
1.341999999999999886e+02 6.733588022398741657e+01
1.344000000000000057e+02 6.535186413840303032e+01
1.345999999999999943e+02 6.636779464799707284e+01
1.348000000000000114e+02 6.638367201087511660e+01
1.350000000000000000e+02 6.339949648351138478e+01
1.351999999999999886e+02 6.741526832076152687e+01
1.354000000000000057e+02 6.543098777587522363e+01
1.355999999999999943e+02 6.244665510050859325e+01
1.358000000000000114e+02 6.546227054473673945e+01
1.360000000000000000e+02 6.347783435706584498e+01
1.361999999999999886e+02 6.549334678444544977e+01
1.364000000000000057e+02 6.550880807228038805e+01
1.365999999999999943e+02 6.352421846444282494e+01
1.368000000000000114e+02 6.453957820328398043e+01
1.370000000000000000e+02 6.455488752964588173e+01
1.371999999999999886e+02 6.357014668287297354e+01
1.374000000000000057e+02 6.358535590082360045e+01
1.375999999999999943e+02 6.560051541988141821e+01
1.378000000000000114e+02 6.161562547496663456e+01
1.380000000000000000e+02 6.463068629954727840e+01
1.381999999999999886e+02 6.164569812565018481e+01
1.384000000000000057e+02 6.566066118387206529e+01
1.385999999999999943e+02 6.267557570339032225e+01
1.388000000000000114e+02 6.369044191197391314e+01
1.390000000000000000e+02 6.170526003599394471e+01
1.391999999999999886e+02 6.472003030043433114e+01
1.394000000000000057e+02 6.173475292890228161e+01
1.395999999999999943e+02 6.274942814363867427e+01
1.398000000000000114e+02 6.176405616552838040e+01
1.400000000000000000e+02 6.277863721411048914e+01
1.401999999999999886e+02 6.479317150758841137e+01
1.404000000000000057e+02 6.080765926283994816e+01
1.405999999999999943e+02 6.082210069542717434e+01
1.408000000000000114e+02 6.483649601960635778e+01
1.410000000000000000e+02 6.185084544833768661e+01
1.411999999999999886e+02 6.086514919329496109e+01
1.414000000000000057e+02 5.987940746487519306e+01
1.415999999999999943e+02 6.489362047220809870e+01
1.418000000000000114e+02 5.890778842316555597e+01
1.420000000000000000e+02 6.292191152437090551e+01
1.421999999999999886e+02 6.293598998120822330e+01
1.424000000000000057e+02 5.895002399783152214e+01
1.425999999999999943e+02 6.196401377717382530e+01
1.428000000000000114e+02 6.097795952095617622e+01
1.430000000000000000e+02 5.999186142969659130e+01
1.431999999999999886e+02 6.300571970271892042e+01
1.434000000000000057e+02 5.701953453816161499e+01
1.435999999999999943e+02 6.303330613298643925e+01
1.438000000000000114e+02 5.904703468298710334e+01
1.440000000000000000e+02 6.006072038279780401e+01
1.441999999999999886e+02 6.507436342590170852e+01
1.444000000000000057e+02 5.608796400463938880e+01
1.445999999999999943e+02 6.110152231021709213e+01
1.448000000000000114e+02 6.211503853271504028e+01
1.450000000000000000e+02 5.812851286109562210e+01
1.451999999999999886e+02 6.114194548321150791e+01
1.454000000000000057e+02 5.915533658581367149e+01
1.455999999999999943e+02 6.016868635455939085e+01
1.458000000000000114e+02 5.918199497402015652e+01
1.460000000000000000e+02 6.119526262768950886e+01
1.461999999999999886e+02 5.920848949799079719e+01
1.464000000000000057e+02 5.922167576628492469e+01
1.465999999999999943e+02 5.923482161287793701e+01
1.468000000000000114e+02 5.924792721702863929e+01
1.470000000000000000e+02 6.026099275695609236e+01
1.471999999999999886e+02 5.927401840984705927e+01
1.474000000000000057e+02 5.828700435186339490e+01
1.475999999999999943e+02 5.929995075814934324e+01
1.478000000000000114e+02 5.931285780283882758e+01
1.480000000000000000e+02 5.732572565906262696e+01
1.481999999999999886e+02 5.933855449895553136e+01
1.484000000000000057e+02 5.735134449366337606e+01
1.485999999999999943e+02 6.036409581335009733e+01
1.488000000000000114e+02 5.737680862720469577e+01
1.490000000000000000e+02 6.038948310344807169e+01
1.491999999999999886e+02 5.740211940933993873e+01
1.494000000000000057e+02 5.741471771118556688e+01
1.495999999999999943e+02 6.042727817434250426e+01
1.498000000000000114e+02 5.643980096322727746e+01
1.500000000000000000e+02 5.945228624132194994e+01
1.501999999999999886e+02 5.746473417118073712e+01
1.504000000000000057e+02 5.947714491443649365e+01
1.505999999999999943e+02 5.748951863180712252e+01
1.508000000000000114e+02 6.050185548310202677e+01
1.510000000000000000e+02 5.551415562722841202e+01
1.511999999999999886e+02 5.752641922219759607e+01
1.514000000000000057e+02 5.953864642513124039e+01
1.515999999999999943e+02 5.655083739226752471e+01
1.518000000000000114e+02 5.756299227896730031e+01
1.520000000000000000e+02 5.657511123972015810e+01
1.521999999999999886e+02 5.858719442815047529e+01
1.524000000000000057e+02 5.659924199702338399e+01
1.525999999999999943e+02 5.561125409825071131e+01
1.528000000000000114e+02 5.762323088289686979e+01
1.530000000000000000e+02 5.763517250118470514e+01
1.531999999999999886e+02 5.864707910250124456e+01
1.534000000000000057e+02 5.565895083540349475e+01
1.535999999999999943e+02 5.767078784762409072e+01
1.538000000000000114e+02 5.768259028607696592e+01
1.540000000000000000e+02 5.369435829686295847e+01
1.541999999999999886e+02 5.870609202527536041e+01
1.544000000000000057e+02 5.671779161580542450e+01
1.545999999999999943e+02 5.572945721214783532e+01
1.548000000000000114e+02 5.674108895720615209e+01
1.550000000000000000e+02 5.575268699309814480e+01
1.551999999999999886e+02 5.876425146116118015e+01
1.554000000000000057e+02 5.577578250195745824e+01
1.555999999999999943e+02 5.578728025527932743e+01
1.558000000000000114e+02 5.679874486015442159e+01
1.560000000000000000e+02 5.481017645485088252e+01
1.561999999999999886e+02 5.882157517688246173e+01
1.564000000000000057e+02 5.683294116301357946e+01
1.565999999999999943e+02 5.484427454926441925e+01
1.568000000000000114e+02 5.385557547091587338e+01
1.570000000000000000e+02 5.686684406251455925e+01
1.571999999999999886e+02 5.387808045787768663e+01
1.574000000000000057e+02 5.788928479009798878e+01
1.575999999999999943e+02 5.590045719154853288e+01
1.578000000000000114e+02 5.591159779388753037e+01
1.580000000000000000e+02 5.592270672806313314e+01
1.581999999999999886e+02 5.493378412431810887e+01
1.584000000000000057e+02 5.594483011219460877e+01
1.585999999999999943e+02 5.295584482053872932e+01
1.588000000000000114e+02 5.596682837750521600e+01
1.590000000000000000e+02 5.697778091056198946e+01
1.591999999999999886e+02 5.298870254649470724e+01
1.594000000000000057e+02 5.599959341141129698e+01
1.595999999999999943e+02 5.601045363074638317e+01
1.598000000000000114e+02 5.502128332926577059e+01
1.600000000000000000e+02 5.503208263107081422e+01
1.601999999999999886e+02 5.404285165960281034e+01
1.604000000000000057e+02 5.605359053764734512e+01
1.605999999999999943e+02 5.306429938733853646e+01
1.608000000000000114e+02 5.507497833016338973e+01
1.610000000000000000e+02 5.508562748696594724e+01
1.611999999999999886e+02 5.609624697795154447e+01
1.614000000000000057e+02 5.210683692269096667e+01
1.615999999999999943e+02 5.611739744012457010e+01
1.618000000000000114e+02 5.412792864856641728e+01
1.620000000000000000e+02 5.413843066570830587e+01
1.621999999999999886e+02 5.414890360862385421e+01
1.624000000000000057e+02 5.215934759377248753e+01
1.625999999999999943e+02 5.616976273700341693e+01
1.628000000000000114e+02 5.418014915355960426e+01
1.630000000000000000e+02 5.519050695808164875e+01
1.631999999999999886e+02 5.120083626461171633e+01
1.634000000000000057e+02 5.521113718659736946e+01
1.635999999999999943e+02 5.322140983689539695e+01
1.638000000000000114e+02 5.423165432777562245e+01
1.640000000000000000e+02 5.624187077092467035e+01
1.641999999999999886e+02 5.325205927744971035e+01
1.644000000000000057e+02 5.126221995788216645e+01
1.645999999999999943e+02 5.327235292218139762e+01
1.648000000000000114e+02 5.428245827973836413e+01
1.650000000000000000e+02 5.529253613937924428e+01
1.651999999999999886e+02 5.230258660936905102e+01
1.654000000000000057e+02 5.331260979741519890e+01
1.655999999999999943e+02 5.332260581067103544e+01
1.658000000000000114e+02 5.433257475573937967e+01
1.660000000000000000e+02 5.034251673867601795e+01
1.661999999999999886e+02 5.335243186499314305e+01
1.664000000000000057e+02 5.436232023966283577e+01
1.665999999999999943e+02 5.137218196712045426e+01
1.668000000000000114e+02 5.438201715126800906e+01
1.670000000000000000e+02 5.439182589547755953e+01
1.671999999999999886e+02 5.240160830259453206e+01
1.674000000000000057e+02 5.141136447494105255e+01
1.675999999999999943e+02 5.342109451431920064e+01
1.678000000000000114e+02 5.243079852201430668e+01
1.680000000000000000e+02 5.144047659879817047e+01
1.681999999999999886e+02 5.245012884493229421e+01
1.684000000000000057e+02 5.345975536017105867e+01
1.685999999999999943e+02 5.346935624376489216e+01
1.688000000000000114e+02 5.347893159446343248e+01
1.690000000000000000e+02 5.048848151051862487e+01
1.691999999999999886e+02 5.249800608968782711e+01
1.694000000000000057e+02 5.350750542923690034e+01
1.695999999999999943e+02 5.351697962594322888e+01
1.698000000000000114e+02 4.952642877609878269e+01
1.700000000000000000e+02 5.353585297551310873e+01
1.701999999999999886e+02 5.154525231951630815e+01
1.704000000000000057e+02 5.155462690296200634e+01
1.705999999999999943e+02 5.156397682023031592e+01
1.708000000000000114e+02 5.457330216523071442e+01
1.710000000000000000e+02 5.258260303140497882e+01
1.711999999999999886e+02 4.959187951173004194e+01
1.714000000000000057e+02 5.160113169872084882e+01
1.715999999999999943e+02 5.361035968443320598e+01
1.718000000000000114e+02 4.961956356046658101e+01
1.720000000000000000e+02 5.162874341796690913e+01
1.721999999999999886e+02 5.463789934762935729e+01
1.724000000000000057e+02 4.964703143970108101e+01
1.725999999999999943e+02 4.965613978398394579e+01
1.728000000000000114e+02 5.166522446983726269e+01
1.730000000000000000e+02 5.367428558618046708e+01
1.731999999999999886e+02 5.168332322149579028e+01
1.734000000000000057e+02 4.769233746383093830e+01
1.735999999999999943e+02 5.470132840080168535e+01
1.738000000000000114e+02 4.971029611959453831e+01
1.740000000000000000e+02 5.171924070696928766e+01
1.741999999999999886e+02 4.872816224926162931e+01
1.744000000000000057e+02 5.373706083238569420e+01
1.745999999999999943e+02 5.174593654183661329e+01
1.748000000000000114e+02 5.075478946269300451e+01
1.750000000000000000e+02 4.976361967961953781e+01
1.751999999999999886e+02 5.077242727686936519e+01
1.754000000000000057e+02 5.178121233828662895e+01
1.755999999999999943e+02 5.078997494730888462e+01
1.758000000000000114e+02 5.079871518696957367e+01
1.760000000000000000e+02 5.180743313990039667e+01
1.761999999999999886e+02 4.781612888833374342e+01
1.764000000000000057e+02 5.182480251410507321e+01
1.765999999999999943e+02 4.983345409865527387e+01
1.768000000000000114e+02 -6.057916276966985869e+00
1.770000000000000000e+02 -6.049308532102925184e+00
1.771999999999999886e+02 -6.040722586481331646e+00
1.774000000000000057e+02 -6.032158360216260284e+00
1.775999999999999943e+02 -6.023615773804758433e+00
1.778000000000000114e+02 -6.015094748124584001e+00
1.780000000000000000e+02 -6.006595204431967261e+00
1.781999999999999886e+02 -5.998117064359364647e+00
1.784000000000000057e+02 -5.989660249913245416e+00
1.785999999999999943e+02 -5.981224683471884518e+00
1.788000000000000114e+02 -5.972810287783171468e+00
1.790000000000000000e+02 -5.964416985962443185e+00
1.791999999999999886e+02 -5.956044701490315063e+00
1.794000000000000057e+02 -5.947693358210545789e+00
1.795999999999999943e+02 -5.939362880327910155e+00
1.798000000000000114e+02 -5.931053192406074537e+00
1.800000000000000000e+02 -5.922764219365511451e+00
1.801999999999999886e+02 -5.914495886481404341e+00
1.804000000000000057e+02 -5.906248119381583450e+00
1.805999999999999943e+02 -5.898020844044470579e+00
