# energy (eV)  EELS (a.u)
2.000000000000000000e+00 1.009460908241599100e+02
2.200000999999999873e+00 -8.527984562760320841e+01
2.400002000000000191e+00 -8.114175394359335769e+01
2.600000000000000089e+00 9.074525495931629848e+01
2.800000999999999962e+00 3.496003424111659115e+02
3.000000000000000000e+00 6.566713188580461065e+02
3.200000999999999873e+00 1.007919558581901583e+03
3.400002000000000191e+00 1.324434189298021010e+03
3.600000000000000089e+00 1.587550658797147662e+03
3.800000999999999962e+00 1.824339463550741129e+03
4.000000000000000000e+00 2.014978384843949243e+03
4.200001000000000317e+00 2.182099288013112528e+03
4.400001999999999747e+00 2.324814488395233639e+03
4.599999999999999645e+00 2.434068690769126079e+03
4.800000999999999962e+00 2.520541904486501608e+03
5.000000000000000000e+00 2.593230230122176636e+03
5.200001000000000317e+00 2.647897107781055638e+03
5.400001999999999747e+00 2.690357745990050262e+03
5.599999999999999645e+00 2.721704956830707033e+03
5.800000999999999962e+00 2.743477071073765728e+03
6.000000000000000000e+00 2.761762677987381267e+03
6.200001000000000317e+00 2.772306213021774056e+03
6.400001999999999747e+00 2.785567193865374975e+03
6.599999999999999645e+00 2.790777811344244583e+03
6.800000999999999962e+00 2.802989283265387712e+03
7.000002000000000280e+00 2.809096111824833770e+03
7.200002999999999709e+00 2.818868388878510359e+03
7.400000000000000355e+00 2.832969965214645526e+03
7.599999999999999645e+00 2.837980725674985479e+03
7.800000999999999962e+00 2.852403207637837113e+03
8.000002000000000280e+00 2.863677738311279427e+03
8.200003000000000597e+00 2.864191628158707317e+03
8.400000000000000355e+00 2.875285584393433965e+03
8.599999999999999645e+00 2.869263855668927590e+03
8.800000999999999962e+00 2.873394538743062185e+03
9.000002000000000280e+00 2.862916769034974095e+03
9.200003000000000597e+00 2.867044466390025718e+03
9.400000000000000355e+00 2.859968623051203394e+03
9.599999999999999645e+00 2.857862811473963120e+03
9.800000999999999962e+00 2.852881814136298090e+03
1.000000000000000000e+01 2.856165300496761574e+03
1.019999999999999929e+01 2.856840615877823893e+03
1.040000000000000036e+01 2.861022690332459661e+03
1.059999999999999964e+01 2.864816156468065856e+03
1.080000000000000071e+01 2.869316332813343251e+03
1.100000000000000000e+01 2.884610222344143949e+03
1.119999999999999929e+01 2.882777386510513224e+03
1.140000000000000036e+01 2.901890712379964498e+03
1.159999999999999964e+01 2.910017087734859160e+03
1.180000000000000071e+01 2.921217996665686769e+03
1.200000000000000000e+01 2.934550046296494656e+03
1.219999999999999929e+01 2.950065433691515409e+03
1.240000000000000036e+01 2.956812360665312099e+03
1.259999999999999964e+01 2.982835403106097601e+03
1.280000000000000071e+01 2.987175840485593653e+03
1.300000000000000000e+01 3.003871950438557178e+03
1.319999999999999929e+01 3.017959272626041184e+03
1.340000000000000036e+01 3.029470845528385780e+03
1.359999999999999964e+01 3.044437419330216017e+03
1.380000000000000071e+01 3.062887647646741243e+03
1.400000000000000000e+01 3.068848260487105108e+03
1.419999999999999929e+01 3.088344220547135592e+03
1.440000000000000036e+01 3.104398864662785400e+03
1.459999999999999964e+01 3.120034032030460367e+03
1.480000000000000071e+01 3.134270180605835321e+03
1.500000000000000000e+01 3.146126492924186550e+03
1.519999999999999929e+01 3.166620972438924127e+03
1.540000000000000036e+01 3.182770531347672659e+03
1.559999999999999964e+01 3.196591070764237884e+03
1.580000000000000071e+01 3.207097553997838986e+03
1.600000000000000000e+01 3.226304073616113783e+03
1.619999999999999929e+01 3.239223912893986380e+03
1.639999999999999858e+01 3.252869602185111489e+03
1.660000000000000142e+01 3.264252970695098156e+03
1.680000000000000071e+01 3.280385194084981777e+03
1.700000000000000000e+01 3.291276838288649742e+03
1.719999999999999929e+01 3.302937899888317133e+03
1.739999999999999858e+01 3.313377843357059646e+03
1.760000000000000142e+01 3.326605635446292126e+03
1.780000000000000071e+01 3.338629776968412898e+03
1.800000000000000000e+01 3.350458332200229052e+03
1.819999999999999929e+01 3.367098956110834479e+03
1.839999999999999858e+01 3.375558919598045577e+03
1.860000000000000142e+01 3.394845132900001772e+03
1.880000000000000071e+01 3.399964167332887882e+03
1.900000000000000000e+01 3.419922275491714572e+03
1.919999999999999929e+01 3.438725410038494374e+03
1.939999999999999858e+01 3.454379241190876655e+03
1.960000000000000142e+01 3.469889173014113112e+03
1.980000000000000071e+01 3.485260358610089042e+03
2.000000000000000000e+01 3.503497714288902444e+03
2.019999999999999929e+01 3.514605932801026484e+03
2.039999999999999858e+01 3.541589495701357919e+03
2.060000000000000142e+01 3.546452684910385869e+03
2.080000000000000071e+01 3.567199593532180188e+03
2.100000000000000000e+01 3.584834135983936449e+03
2.119999999999999929e+01 3.596360057487253926e+03
2.139999999999999858e+01 3.609780942967230203e+03
2.160000000000000142e+01 3.627100225401703938e+03
2.180000000000000071e+01 3.629321193659575329e+03
2.200000000000000000e+01 3.646446999864037025e+03
2.219999999999999929e+01 3.649480666313714210e+03
2.239999999999999858e+01 3.655425091992141915e+03
2.260000000000000142e+01 3.663283058693646581e+03
2.280000000000000071e+01 3.666057236791539253e+03
2.300000000000000000e+01 3.665750190672578356e+03
2.319999999999999929e+01 3.669364383859827740e+03
2.339999999999999858e+01 3.663902183844408682e+03
2.360000000000000142e+01 3.661365866645106507e+03
2.380000000000000071e+01 3.653757621113419191e+03
2.400000000000000000e+01 3.646079553000342912e+03
2.419999999999999929e+01 3.637333688800026266e+03
2.439999999999999858e+01 3.626521979384325732e+03
2.460000000000000142e+01 3.608646303441326836e+03
2.480000000000000071e+01 3.595708470729947749e+03
2.500000000000000000e+01 3.574710225161923972e+03
2.519999999999999929e+01 3.557653247721670141e+03
2.539999999999999858e+01 3.532539159233811915e+03
2.560000000000000142e+01 3.513369522987503842e+03
2.580000000000000071e+01 3.484145847226041951e+03
2.600000000000000000e+01 3.459869587509705980e+03
2.619999999999999929e+01 3.428542148959237693e+03
2.639999999999999858e+01 3.400164888386882467e+03
2.660000000000000142e+01 3.365739116321458823e+03
2.680000000000000071e+01 3.333266098933508147e+03
2.700000000000000000e+01 3.306747059866180734e+03
2.719999999999999929e+01 3.269183181977166441e+03
2.739999999999999858e+01 3.235575608996623487e+03
2.760000000000000142e+01 3.206925447105760213e+03
2.780000000000000071e+01 3.165233766440434010e+03
2.800000000000000000e+01 3.135501602523853308e+03
2.819999999999999929e+01 3.101729957632222977e+03
2.839999999999999858e+01 3.069919802096942476e+03
2.860000000000000142e+01 3.032072075546733686e+03
2.880000000000000071e+01 3.000187688092890312e+03
2.900000000000000000e+01 2.972267521460636090e+03
2.919999999999999929e+01 2.935312430069408947e+03
2.939999999999999858e+01 2.907323242064715487e+03
2.960000000000000142e+01 2.874300760304057803e+03
2.980000000000000071e+01 2.850245763299275040e+03
3.000000000000000000e+01 2.822159006117517038e+03
3.019999999999999929e+01 2.789041221242933261e+03
3.039999999999999858e+01 2.766893119401051990e+03
3.060000000000000142e+01 2.743715390347697848e+03
3.080000000000000071e+01 2.711508703624208465e+03
3.100000000000000000e+01 2.688273709280598268e+03
3.119999999999999929e+01 2.667011038568237836e+03
3.139999999999999858e+01 2.640721304603524459e+03
3.160000000000000142e+01 2.621405103003939530e+03
3.180000000000000071e+01 2.608063012497811087e+03
3.200000000000000000e+01 2.582695595509039777e+03
3.220000000000000284e+01 2.574303398717958316e+03
3.239999999999999858e+01 2.555886953599452681e+03
3.260000000000000142e+01 2.539446776939403662e+03
3.279999999999999716e+01 2.517983371330447881e+03
3.300000000000000000e+01 2.494497225648018684e+03
3.320000000000000284e+01 2.465988815507559593e+03
3.339999999999999858e+01 2.439458603703777499e+03
3.360000000000000142e+01 2.402907040632734152e+03
3.379999999999999716e+01 2.374334564697557198e+03
3.400000000000000000e+01 2.348741602698499264e+03
3.420000000000000284e+01 2.319128570208034489e+03
3.439999999999999858e+01 2.287495871931660986e+03
3.460000000000000142e+01 2.262843902055027684e+03
3.479999999999999716e+01 2.239173044577987184e+03
3.500000000000000000e+01 2.213483673636139883e+03
3.520000000000000284e+01 2.189776153810405049e+03
3.539999999999999858e+01 2.165050840425136812e+03
3.560000000000000142e+01 2.139308079835267563e+03
3.579999999999999716e+01 2.122548209702946679e+03
3.600000000000000000e+01 2.096771559264117059e+03
3.620000000000000284e+01 2.070978449585445560e+03
3.639999999999999858e+01 2.054169193812017511e+03
3.660000000000000142e+01 2.032344097406167066e+03
3.679999999999999716e+01 2.004503458377817651e+03
3.700000000000000000e+01 1.988647567506673568e+03
3.720000000000000284e+01 1.963776708556596077e+03
3.739999999999999858e+01 1.946891158482484116e+03
3.760000000000000142e+01 1.925991187629952492e+03
3.779999999999999716e+01 1.905077059928107474e+03
3.800000000000000000e+01 1.890149033075682837e+03
3.820000000000000284e+01 1.872207358720809452e+03
3.839999999999999858e+01 1.852252282634661469e+03
3.860000000000000142e+01 1.830284044879224666e+03
3.879999999999999716e+01 1.819302879969411606e+03
3.900000000000000000e+01 1.799309017029745974e+03
3.920000000000000284e+01 1.781302679945824593e+03
3.939999999999999858e+01 1.769284087510755171e+03
3.960000000000000142e+01 1.746253453566766893e+03
3.979999999999999716e+01 1.733210987142170552e+03
4.000000000000000000e+01 1.720156892583848958e+03
4.020000000000000284e+01 1.705091369685444306e+03
4.039999999999999858e+01 1.686014613811400068e+03
4.060000000000000142e+01 1.673926816017018837e+03
4.079999999999999716e+01 1.655828163164674152e+03
4.100000000000000000e+01 1.644718838036328407e+03
4.120000000000000284e+01 1.631599019442481449e+03
4.139999999999999858e+01 1.616468882327690153e+03
4.160000000000000142e+01 1.603328597872774935e+03
4.179999999999999716e+01 1.587178333593839170e+03
4.200000000000000000e+01 1.577018253438212469e+03
4.220000000000000284e+01 1.558848517877427184e+03
4.239999999999999858e+01 1.553669283997338880e+03
4.260000000000000142e+01 1.536480705585484657e+03
4.279999999999999716e+01 1.525282933215782805e+03
4.300000000000000000e+01 1.511076114330663131e+03
4.320000000000000284e+01 1.503860393320719822e+03
4.339999999999999858e+01 1.485635911601972794e+03
4.360000000000000142e+01 1.480402807690818008e+03
4.379999999999999716e+01 1.466161217276749539e+03
4.400000000000000000e+01 1.453911273292927035e+03
4.420000000000000284e+01 1.442653105984664307e+03
4.439999999999999858e+01 1.435386842975907257e+03
4.460000000000000142e+01 1.417112609333771843e+03
4.479999999999999716e+01 1.410830527631203495e+03
4.500000000000000000e+01 1.398540718007825717e+03
4.520000000000000284e+01 1.388243298229034281e+03
4.539999999999999858e+01 1.376938383743396571e+03
4.560000000000000142e+01 1.363626087738413162e+03
4.579999999999999716e+01 1.355306521194693232e+03
4.600000000000000000e+01 1.341979792938597939e+03
4.620000000000000284e+01 1.338646009693400401e+03
4.639999999999999858e+01 1.318305276129010508e+03
4.660000000000000142e+01 1.308957694910311602e+03
4.679999999999999716e+01 1.300603366744153391e+03
4.700000000000000000e+01 1.290242390425043368e+03
4.720000000000000284e+01 1.276874862879579041e+03
4.739999999999999858e+01 1.268500879209661662e+03
4.760000000000000142e+01 1.259120532734527387e+03
4.779999999999999716e+01 1.245733915031637480e+03
4.800000000000000000e+01 1.236341115976457559e+03
4.820000000000000284e+01 1.226942223781165467e+03
4.839999999999999858e+01 1.219537325032319586e+03
4.860000000000000142e+01 1.206126504727518750e+03
4.879999999999999716e+01 1.196709846311084902e+03
4.900000000000000000e+01 1.185287431708800796e+03
4.920000000000000284e+01 1.182859341361728184e+03
4.939999999999999858e+01 1.170425654259137900e+03
4.960000000000000142e+01 1.163986447970575909e+03
4.979999999999999716e+01 1.153541798677093084e+03
5.000000000000000000e+01 1.153091781201663935e+03
5.020000000000000284e+01 1.141636469038816131e+03
5.039999999999999858e+01 1.138175934383499452e+03
5.060000000000000142e+01 1.133710248159210096e+03
5.079999999999999716e+01 1.124239480045398295e+03
5.100000000000000000e+01 1.122763698504177228e+03
5.120000000000000284e+01 1.123282970806353433e+03
5.139999999999999858e+01 1.116797363056801487e+03
5.160000000000000142e+01 1.116306940219198168e+03
5.179999999999999716e+01 1.109811766140137706e+03
5.200000000000000000e+01 1.108311903572644951e+03
5.220000000000000284e+01 1.110807414199103050e+03
5.239999999999999858e+01 1.107298358653613150e+03
5.260000000000000142e+01 1.098784796543803395e+03
5.279999999999999716e+01 1.101266786472100648e+03
5.300000000000000000e+01 1.097744386056481517e+03
5.320000000000000284e+01 1.094217651950717709e+03
5.339999999999999858e+01 1.093686639864128210e+03
5.360000000000000142e+01 1.087151404580855342e+03
5.379999999999999716e+01 1.087611999978672657e+03
5.400000000000000000e+01 1.079068479047344908e+03
5.420000000000000284e+01 1.081520893906545780e+03
5.439999999999999858e+01 1.074969295823348375e+03
5.460000000000000142e+01 1.071413735229301892e+03
5.479999999999999716e+01 1.067854261737102661e+03
5.500000000000000000e+01 1.059290924156872279e+03
5.520000000000000284e+01 1.061723770512053989e+03
5.539999999999999858e+01 1.050152848054936157e+03
5.560000000000000142e+01 1.050578203281813785e+03
5.579999999999999716e+01 1.042999881947798258e+03
5.600000000000000000e+01 1.039417929081283319e+03
5.620000000000000284e+01 1.036832388998078613e+03
5.639999999999999858e+01 1.032243305315216958e+03
5.660000000000000142e+01 1.022650720964446236e+03
5.679999999999999716e+01 1.024054678205412756e+03
5.700000000000000000e+01 1.015455218638546057e+03
5.720000000000000284e+01 1.006852383217649731e+03
5.739999999999999858e+01 1.009246212262210179e+03
5.760000000000000142e+01 9.986367454694269554e+02
5.779999999999999716e+01 9.930240219259735568e+02
5.800000000000000000e+01 9.904080801194963897e+02
5.820000000000000284e+01 9.827889579498562398e+02
5.839999999999999858e+01 9.811666927401220164e+02
5.860000000000000142e+01 9.695413212473197291e+02
5.879999999999999716e+01 9.679128796729462465e+02
5.900000000000000000e+01 9.622814036732512477e+02
5.920000000000000284e+01 9.586469283692943009e+02
5.939999999999999858e+01 9.530094883567826400e+02
5.960000000000000142e+01 9.403691177156957792e+02
5.979999999999999716e+01 9.397258500197006015e+02
6.000000000000000000e+01 9.340797183453641992e+02
6.020000000000000284e+01 9.314307552811679898e+02
6.039999999999999858e+01 9.227789929363286774e+02
6.060000000000000142e+01 9.171244629494311766e+02
6.079999999999999716e+01 9.084671964968766815e+02
6.100000000000000000e+01 9.038072243011524733e+02
6.120000000000000284e+01 8.991445766389265373e+02
6.139999999999999858e+01 8.934792833489706254e+02
6.160000000000000142e+01 8.828113738399185877e+02
6.179999999999999716e+01 8.801408770978600842e+02
6.200000000000000000e+01 8.724678216937778643e+02
6.220000000000000284e+01 8.657922357908284994e+02
6.239999999999999858e+01 8.621141471514730483e+02
6.260000000000000142e+01 8.544335831444603855e+02
6.279999999999999716e+01 8.457505707516663733e+02
6.300000000000000000e+01 8.450651365747920636e+02
6.320000000000000284e+01 8.343773068419259289e+02
6.339999999999999858e+01 8.326871074139710345e+02
6.360000000000000142e+01 8.229945637909420384e+02
6.379999999999999716e+01 8.202997011181346352e+02
6.400000000000000000e+01 8.146025441921697166e+02
6.420000000000000284e+01 8.039031174669160009e+02
6.440000000000000568e+01 8.052014450592944286e+02
6.459999999999999432e+01 7.934975507549645499e+02
6.479999999999999716e+01 7.907914580138999554e+02
6.500000000000000000e+01 7.870831899758497912e+02
6.520000000000000284e+01 7.813727694656947733e+02
6.540000000000000568e+01 7.766602189986953135e+02
6.559999999999999432e+01 7.689455607856369852e+02
6.579999999999999716e+01 7.712288167378749222e+02
6.600000000000000000e+01 7.595100084722788552e+02
6.620000000000000284e+01 7.587891573160826511e+02
6.640000000000000568e+01 7.550662843116377871e+02
6.659999999999999432e+01 7.513414102210761030e+02
6.679999999999999716e+01 7.416145555308813755e+02
6.700000000000000000e+01 7.438857404563730142e+02
6.720000000000000284e+01 7.361549849461034682e+02
6.740000000000000568e+01 7.344223086861716183e+02
6.759999999999999432e+01 7.286877311044523822e+02
6.779999999999999716e+01 7.279512713747479893e+02
6.800000000000000000e+01 7.192129484208578560e+02
6.820000000000000284e+01 7.174727809205730864e+02
6.840000000000000568e+01 7.087307873095950299e+02
6.859999999999999432e+01 7.099869857853793746e+02
6.879999999999999716e+01 7.052413943109088450e+02
6.900000000000000000e+01 6.974940306183951861e+02
6.920000000000000284e+01 6.987449122129113448e+02
6.940000000000000568e+01 6.859940563759566885e+02
6.959999999999999432e+01 6.852414801689557180e+02
6.979999999999999716e+01 6.814872004366925466e+02
7.000000000000000000e+01 6.817312338106808056e+02
7.020000000000000284e+01 6.749735967124729541e+02
7.040000000000000568e+01 6.742143053569079711e+02
7.059999999999999432e+01 6.734533757552994757e+02
7.079999999999999716e+01 6.696908237185670032e+02
7.100000000000000000e+01 6.689266648603080512e+02
7.120000000000000284e+01 6.701609145998170334e+02
7.140000000000000568e+01 6.693935881650472766e+02
7.159999999999999432e+01 6.646247005955210625e+02
7.179999999999999716e+01 6.608542667451869193e+02
7.200000000000000000e+01 6.610823012852255260e+02
7.220000000000000284e+01 6.543088187068052548e+02
7.240000000000000568e+01 6.545338333237892812e+02
7.259999999999999432e+01 6.497573592753936964e+02
7.279999999999999716e+01 6.459794105287992352e+02
7.300000000000000000e+01 6.392000008817159369e+02
7.320000000000000284e+01 6.434191439649034692e+02
7.340000000000000568e+01 6.346368532446466588e+02
7.359999999999999432e+01 6.358531420251875943e+02
7.379999999999999716e+01 6.300680234511152094e+02
7.400000000000000000e+01 6.302815105097131436e+02
7.420000000000000284e+01 6.234936160332669033e+02
7.440000000000000568e+01 6.257043527013313451e+02
7.459999999999999432e+01 6.239137330429574604e+02
7.479999999999999716e+01 6.161217694388827795e+02
7.500000000000000000e+01 6.163284741236827813e+02
7.520000000000000284e+01 6.155338591878851275e+02
7.540000000000000568e+01 6.087379365800488813e+02
7.559999999999999432e+01 6.109407181088075731e+02
7.579999999999999716e+01 6.021422154448767969e+02
7.600000000000000000e+01 6.053424401230295189e+02
7.620000000000000284e+01 5.985414035440356884e+02
7.640000000000000568e+01 5.947391169765710401e+02
7.659999999999999432e+01 5.959355915590926998e+02
7.679999999999999716e+01 5.881308383016832977e+02
7.700000000000000000e+01 5.883248680878647292e+02
7.720000000000000284e+01 5.795176916763808777e+02
7.740000000000000568e+01 5.847093197029514613e+02
7.759999999999999432e+01 5.728997626819959805e+02
7.779999999999999716e+01 5.760890310083293571e+02
7.800000000000000000e+01 5.752771349588297198e+02
7.820000000000000284e+01 5.664640846940781103e+02
7.840000000000000568e+01 5.626498902599721532e+02
7.859999999999999432e+01 5.648345615893122158e+02
7.879999999999999716e+01 5.590181085033624413e+02
7.900000000000000000e+01 5.552005407133852941e+02
7.920000000000000284e+01 5.533818678221526852e+02
7.940000000000000568e+01 5.495620993254307223e+02
7.959999999999999432e+01 5.437412446134417223e+02
7.979999999999999716e+01 5.459193129723022366e+02
8.000000000000000000e+01 5.390963135854376560e+02
8.020000000000000284e+01 5.392722555349739650e+02
8.040000000000000568e+01 5.354471478031081233e+02
8.059999999999999432e+01 5.296209992734551406e+02
8.079999999999999716e+01 5.297938187323749162e+02
8.100000000000000000e+01 5.269656148702767950e+02
8.120000000000000284e+01 5.221363962829045704e+02
8.140000000000000568e+01 5.203061714726002265e+02
8.159999999999999432e+01 5.214749488495482410e+02
8.179999999999999716e+01 5.156427367329998788e+02
8.200000000000000000e+01 5.118095433524784994e+02
8.220000000000000284e+01 5.079753768489662207e+02
8.240000000000000568e+01 5.071402452760711412e+02
8.259999999999999432e+01 5.063041566011773966e+02
8.279999999999999716e+01 4.994671187065765139e+02
8.300000000000000000e+01 4.996291393905815994e+02
8.320000000000000284e+01 4.947902263686241895e+02
8.340000000000000568e+01 4.969503872743341049e+02
8.359999999999999432e+01 4.901096296606026499e+02
8.379999999999999716e+01 4.882679610006294979e+02
8.400000000000000000e+01 4.874253886889534328e+02
8.420000000000000284e+01 4.825819200424675159e+02
8.440000000000000568e+01 4.827375623014185066e+02
8.459999999999999432e+01 4.738923226303910496e+02
8.479999999999999716e+01 4.810462081192773667e+02
8.500000000000000000e+01 4.681992257842314871e+02
8.520000000000000284e+01 4.743513825686097789e+02
8.540000000000000568e+01 4.665026853438967009e+02
8.559999999999999432e+01 4.666531409106171395e+02
8.579999999999999716e+01 4.648027559992345914e+02
8.600000000000000000e+01 4.599515372710360452e+02
8.620000000000000284e+01 4.580994913190039597e+02
8.640000000000000568e+01 4.542466246686746558e+02
8.659999999999999432e+01 4.523929437789843178e+02
8.679999999999999716e+01 4.515384550431024309e+02
8.700000000000000000e+01 4.476831647892527712e+02
8.720000000000000284e+01 4.458270792815221739e+02
8.740000000000000568e+01 4.469702047206576481e+02
8.759999999999999432e+01 4.381125472448515552e+02
8.779999999999999716e+01 4.402541129305153049e+02
8.800000000000000000e+01 4.353949077930417957e+02
8.820000000000000284e+01 4.345349377875566574e+02
8.840000000000000568e+01 4.346742088096585803e+02
8.859999999999999432e+01 4.288127266961488999e+02
8.879999999999999716e+01 4.259504972257504392e+02
8.900000000000000000e+01 4.270875261198161184e+02
8.920000000000000284e+01 4.212238190430275040e+02
8.940000000000000568e+01 4.223593816040826709e+02
8.959999999999999432e+01 4.194942193563749697e+02
8.979999999999999716e+01 4.156283377986613914e+02
9.000000000000000000e+01 4.107617423757218376e+02
9.020000000000000284e+01 4.138944384790086701e+02
9.040000000000000568e+01 4.080264314472872798e+02
9.059999999999999432e+01 4.091577265672671047e+02
9.079999999999999716e+01 4.022883290742243503e+02
9.100000000000000000e+01 4.084182441526152161e+02
9.120000000000000284e+01 3.965474769366810506e+02
9.140000000000000568e+01 4.026760325110445251e+02
9.159999999999999432e+01 3.938039159112977359e+02
9.179999999999999716e+01 3.969311321245818363e+02
9.200000000000000000e+01 3.910576860901587679e+02
9.220000000000000284e+01 3.931835826999748065e+02
9.240000000000000568e+01 3.863088267992164333e+02
9.259999999999999432e+01 3.914334231868582492e+02
9.279999999999999716e+01 3.785573766162037828e+02
9.300000000000000000e+01 3.836806917954178289e+02
9.320000000000000284e+01 3.818033733880527620e+02
9.340000000000000568e+01 3.769254260135663799e+02
9.359999999999999432e+01 3.750468542478335507e+02
9.379999999999999716e+01 3.761676626236499601e+02
9.400000000000000000e+01 3.712878556312299452e+02
9.420000000000000284e+01 3.684074377186965989e+02
9.440000000000000568e+01 3.705264132925657918e+02
9.459999999999999432e+01 3.676447867182233722e+02
9.479999999999999716e+01 3.657625623203961140e+02
9.500000000000000000e+01 3.628797443836157299e+02
9.520000000000000284e+01 3.639963371526773130e+02
9.540000000000000568e+01 3.611123448330911287e+02
9.559999999999999432e+01 3.552277715915284944e+02
9.579999999999999716e+01 3.533426215562615766e+02
9.600000000000000000e+01 3.594568988175974482e+02
9.620000000000000284e+01 3.525706074283061753e+02
9.640000000000000568e+01 3.506837514040433348e+02
9.659999999999999432e+01 3.497963347237666767e+02
9.679999999999999716e+01 3.449083613301474998e+02
9.700000000000000000e+01 3.450198351299764568e+02
9.720000000000000284e+01 3.471307599945640163e+02
9.740000000000000568e+01 3.402411397601355247e+02
9.759999999999999432e+01 3.413509782282212086e+02
9.779999999999999716e+01 3.404602791660410617e+02
9.800000000000000000e+01 3.375690463068843883e+02
9.820000000000000284e+01 3.346772833504847995e+02
9.840000000000000568e+01 3.377849939633899794e+02
9.859999999999999432e+01 3.338921817793267905e+02
9.879999999999999716e+01 3.279988503995616043e+02
9.900000000000000000e+01 3.351050033932556858e+02
9.920000000000000284e+01 3.272106442978165433e+02
9.940000000000000568e+01 3.273157766192442750e+02
9.959999999999999432e+01 3.244204038324733119e+02
9.979999999999999716e+01 3.225245293817103516e+02
1.000000000000000000e+02 3.216281566807674039e+02
1.002000000000000028e+02 3.257312891133908010e+02
1.004000000000000057e+02 3.198339300335858297e+02
1.005999999999999943e+02 3.159360827659375559e+02
1.007999999999999972e+02 3.180377506059270445e+02
1.010000000000000000e+02 3.141389368202441119e+02
1.012000000000000028e+02 3.162396446470955311e+02
1.014000000000000057e+02 3.143398772965098260e+02
1.015999999999999943e+02 3.104396379506379731e+02
1.017999999999999972e+02 3.115389297640502946e+02
1.020000000000000000e+02 3.086377558640294865e+02
1.022000000000000028e+02 3.087361193508604629e+02
1.024000000000000057e+02 3.058340232981159375e+02
1.025999999999999943e+02 3.029314707529387078e+02
1.027999999999999972e+02 3.060284647363204726e+02
1.030000000000000000e+02 3.011250082433772377e+02
1.032000000000000028e+02 3.022211042436208004e+02
1.034000000000000057e+02 3.003167556812275620e+02
1.035999999999999943e+02 2.994119654753033046e+02
1.037999999999999972e+02 2.945067365201454095e+02
1.040000000000000000e+02 2.976010716855009832e+02
1.042000000000000028e+02 2.976949738168228237e+02
1.044000000000000057e+02 2.937884457355211794e+02
1.045999999999999943e+02 2.938814902392130648e+02
1.047999999999999972e+02 2.909741101019686198e+02
1.050000000000000000e+02 2.940663080745538309e+02
1.052000000000000028e+02 2.891580868846707517e+02
1.054000000000000057e+02 2.872494492371948809e+02
1.055999999999999943e+02 2.873403978144092434e+02
1.057999999999999972e+02 2.854309352762359140e+02
1.060000000000000000e+02 2.865210642604645841e+02
1.062000000000000028e+02 2.866107873829786854e+02
1.064000000000000057e+02 2.857001072379782158e+02
1.065999999999999943e+02 2.827890263982004058e+02
1.067999999999999972e+02 2.818775474151374283e+02
1.070000000000000000e+02 2.809656728192517221e+02
1.072000000000000028e+02 2.800534051201883017e+02
1.074000000000000057e+02 2.771407468069851348e+02
1.075999999999999943e+02 2.752277003482804503e+02
1.077999999999999972e+02 2.763142681925181137e+02
1.080000000000000000e+02 2.724004527681498757e+02
1.082000000000000028e+02 2.754862564838358026e+02
1.084000000000000057e+02 2.705716817286422042e+02
1.085999999999999943e+02 2.706567308722370626e+02
1.087999999999999972e+02 2.707414062650830715e+02
1.090000000000000000e+02 2.648257102386288011e+02
1.092000000000000028e+02 2.669096451054973613e+02
1.094000000000000057e+02 2.709932131596726776e+02
1.095999999999999943e+02 2.580764166766837775e+02
1.097999999999999972e+02 2.641592579137871439e+02
1.100000000000000000e+02 2.612417391101465114e+02
1.102000000000000028e+02 2.603238624870106719e+02
1.104000000000000057e+02 2.594056302478895191e+02
1.105999999999999943e+02 2.574870445787276481e+02
1.107999999999999972e+02 2.585681076480761931e+02
1.110000000000000000e+02 2.566488216072625619e+02
1.112000000000000028e+02 2.557291885905582376e+02
1.114000000000000057e+02 2.548092107153446193e+02
1.115999999999999943e+02 2.538888900822771006e+02
1.117999999999999972e+02 2.489682287754469883e+02
1.120000000000000000e+02 2.520472288625418855e+02
1.122000000000000028e+02 2.521258923950039161e+02
1.124000000000000057e+02 2.502042214081863847e+02
1.125999999999999943e+02 2.462822179215084759e+02
1.127999999999999972e+02 2.523598839386084478e+02
1.130000000000000000e+02 2.464372214474947214e+02
1.132000000000000028e+02 2.435142324206954925e+02
1.134000000000000057e+02 2.475909188154066953e+02
1.135999999999999943e+02 2.436672825736380901e+02
1.137999999999999972e+02 2.417433256223578439e+02
1.140000000000000000e+02 2.428190498736354641e+02
1.142000000000000028e+02 2.448944572247830820e+02
1.144000000000000057e+02 2.389695495584951459e+02
1.145999999999999943e+02 2.380443287429866928e+02
1.147999999999999972e+02 2.381187966321297438e+02
1.150000000000000000e+02 2.361929550655886487e+02
1.152000000000000028e+02 2.402668058689534405e+02
1.154000000000000057e+02 2.343403508538720246e+02
1.155999999999999943e+02 2.374135918181808051e+02
1.157999999999999972e+02 2.304865305460338050e+02
1.160000000000000000e+02 2.345591688080304493e+02
1.162000000000000028e+02 2.326315083613418437e+02
1.164000000000000057e+02 2.317035509498358010e+02
1.165999999999999943e+02 2.257752983042003052e+02
1.167999999999999972e+02 2.268467521420657533e+02
1.170000000000000000e+02 2.299179141681257761e+02
1.172000000000000028e+02 2.269887860742568364e+02
1.174000000000000057e+02 2.250593695396363501e+02
1.175999999999999943e+02 2.251296662308597263e+02
1.177999999999999972e+02 2.251996778020560441e+02
1.180000000000000000e+02 2.252694058950022225e+02
1.182000000000000028e+02 2.203388521392364794e+02
1.184000000000000057e+02 2.254080181521700865e+02
1.185999999999999943e+02 2.184769055391980430e+02
1.187999999999999972e+02 2.225455158938088118e+02
1.190000000000000000e+02 2.196138507976923506e+02
1.192000000000000028e+02 2.216819118208476027e+02
1.194000000000000057e+02 2.177497005216881973e+02
1.195999999999999943e+02 2.168172184471476100e+02
1.197999999999999972e+02 2.138844671327827314e+02
1.200000000000000000e+02 2.199514481028765545e+02
1.202000000000000028e+02 2.140181628705397827e+02
1.204000000000000057e+02 2.150846129378111868e+02
1.205999999999999943e+02 2.151507997957571376e+02
1.207999999999999972e+02 2.102167249245697747e+02
1.210000000000000000e+02 2.122823897936644357e+02
1.212000000000000028e+02 2.123477958617758361e+02
1.214000000000000057e+02 2.114129445770533664e+02
1.215999999999999943e+02 2.074778373771553106e+02
1.217999999999999972e+02 2.115424756893420977e+02
1.220000000000000000e+02 2.086068609305685300e+02
1.222000000000000028e+02 2.106709945075750738e+02
1.224000000000000057e+02 2.067348778169782975e+02
1.225999999999999943e+02 2.057985122453601150e+02
1.227999999999999972e+02 2.078618991693563487e+02
1.230000000000000000e+02 2.079250399557442108e+02
1.232000000000000028e+02 2.049879359615289331e+02
1.234000000000000057e+02 2.080505885340294583e+02
1.235999999999999943e+02 2.011129990109633354e+02
1.237999999999999972e+02 2.041751687205306212e+02
1.240000000000000000e+02 2.022370989814969278e+02
1.242000000000000028e+02 2.012987911032756756e+02
1.244000000000000057e+02 2.053602463860095213e+02
1.245999999999999943e+02 1.984214661206507344e+02
1.247999999999999972e+02 1.984824515890410908e+02
1.250000000000000000e+02 2.015432040639906290e+02
1.252000000000000028e+02 2.006037248093557253e+02
1.254000000000000057e+02 1.976640150801164566e+02
1.255999999999999943e+02 1.987240761224530274e+02
1.257999999999999972e+02 1.967839091738214847e+02
1.260000000000000000e+02 1.958435154630286092e+02
1.262000000000000028e+02 1.979028962103061815e+02
1.264000000000000057e+02 1.919620526273843666e+02
1.265999999999999943e+02 1.960209859175642748e+02
1.267999999999999972e+02 1.950796972757901244e+02
1.270000000000000000e+02 1.901381878887202390e+02
1.272000000000000028e+02 1.961964589347976755e+02
1.274000000000000057e+02 1.942545115843199142e+02
1.275999999999999943e+02 1.913123469995080086e+02
1.277999999999999972e+02 1.893699663345749684e+02
1.280000000000000000e+02 1.924273707357934313e+02
1.281999999999999886e+02 1.914845613415626531e+02
1.284000000000000057e+02 1.925415392824749290e+02
1.285999999999999943e+02 1.845983056813812766e+02
1.288000000000000114e+02 1.896548616534564360e+02
1.290000000000000000e+02 1.867112083062632735e+02
1.291999999999999886e+02 1.847673467398165030e+02
1.294000000000000057e+02 1.908232780466458962e+02
1.295999999999999943e+02 1.838790033118586393e+02
1.298000000000000114e+02 1.839345236132013213e+02
1.300000000000000000e+02 1.879898400211211253e+02
1.301999999999999886e+02 1.820449535988265666e+02
1.304000000000000057e+02 1.850998654023474330e+02
1.305999999999999943e+02 1.801545764805943861e+02
1.308000000000000114e+02 1.822090878754177083e+02
1.310000000000000000e+02 1.832634006216657667e+02
1.311999999999999886e+02 1.793175157472426804e+02
1.314000000000000057e+02 1.823714342731654767e+02
1.315999999999999943e+02 1.814251572136206789e+02
1.318000000000000114e+02 1.764786855760205242e+02
1.320000000000000000e+02 1.805320203610583292e+02
1.321999999999999886e+02 1.795851625627635428e+02
1.324000000000000057e+02 1.776381131685561741e+02
1.325999999999999943e+02 1.766908731593007644e+02
1.328000000000000114e+02 1.767434435093597358e+02
1.330000000000000000e+02 1.757958251866462547e+02
1.331999999999999886e+02 1.818480191526767555e+02
1.334000000000000057e+02 1.729000263626226115e+02
1.335999999999999943e+02 1.729518477653616344e+02
1.338000000000000114e+02 1.730034843035289498e+02
1.340000000000000000e+02 1.750549369135673601e+02
1.341999999999999886e+02 1.761062065257773384e+02
1.344000000000000057e+02 1.721572940643662548e+02
1.345999999999999943e+02 1.692082004474976600e+02
1.348000000000000114e+02 1.692589265873394879e+02
1.350000000000000000e+02 1.753094733901122595e+02
1.351999999999999886e+02 1.693598417561366603e+02
1.354000000000000057e+02 1.704100325798806068e+02
1.355999999999999943e+02 1.704600467500059437e+02
1.358000000000000114e+02 1.675098851494147709e+02
1.360000000000000000e+02 1.675595486552951172e+02
1.361999999999999886e+02 1.686090381391664437e+02
1.364000000000000057e+02 1.676583544669245214e+02
1.365999999999999943e+02 1.667074984988859967e+02
1.368000000000000114e+02 1.637564710898324734e+02
1.370000000000000000e+02 1.678052730890541682e+02
1.371999999999999886e+02 1.678539053403933394e+02
1.374000000000000057e+02 1.649023686822870332e+02
1.375999999999999943e+02 1.639506639478096588e+02
1.378000000000000114e+02 1.639987919647149681e+02
1.380000000000000000e+02 1.650467535554778635e+02
1.381999999999999886e+02 1.650945495373356948e+02
1.384000000000000057e+02 1.631421807223291296e+02
1.385999999999999943e+02 1.581896479173427110e+02
1.388000000000000114e+02 1.642369519241450746e+02
1.390000000000000000e+02 1.622840935394287669e+02
1.391999999999999886e+02 1.593310735548495813e+02
1.394000000000000057e+02 1.613778927570657515e+02
1.395999999999999943e+02 1.594245519277765766e+02
1.398000000000000114e+02 1.584710518437607902e+02
1.400000000000000000e+02 1.595173932769146745e+02
1.401999999999999886e+02 1.595635769942895479e+02
1.404000000000000057e+02 1.586096037581292251e+02
1.405999999999999943e+02 1.556554743259069085e+02
1.408000000000000114e+02 1.577011894503619089e+02
1.410000000000000000e+02 1.567467498795357983e+02
1.411999999999999886e+02 1.557921563568086185e+02
1.414000000000000057e+02 1.578374096209342667e+02
1.415999999999999943e+02 1.538825104060760509e+02
1.418000000000000114e+02 1.539274594418415347e+02
1.420000000000000000e+02 1.539722574533173258e+02
1.421999999999999886e+02 1.590169051611034092e+02
1.424000000000000057e+02 1.500614032813471965e+02
1.425999999999999943e+02 1.541057525257773761e+02
1.428000000000000114e+02 1.521499536017372520e+02
1.430000000000000000e+02 1.531940072122179686e+02
1.431999999999999886e+02 1.532379140558913946e+02
1.434000000000000057e+02 1.522816748271426661e+02
1.435999999999999943e+02 1.543252902161024167e+02
1.438000000000000114e+02 1.503687609086787802e+02
1.440000000000000000e+02 1.464120875865891946e+02
1.441999999999999886e+02 1.564552709273916662e+02
1.444000000000000057e+02 1.464983116045161182e+02
1.445999999999999943e+02 1.475412102872949731e+02
1.448000000000000114e+02 1.475839676409940182e+02
1.450000000000000000e+02 1.526265843268425613e+02
1.451999999999999886e+02 1.486690610020635575e+02
1.454000000000000057e+02 1.477113983199033953e+02
1.455999999999999943e+02 1.467535969296613416e+02
1.458000000000000114e+02 1.467956574767189863e+02
1.460000000000000000e+02 1.478375806025690054e+02
1.461999999999999886e+02 1.448793669448441790e+02
1.464000000000000057e+02 1.479210171373456433e+02
1.465999999999999943e+02 1.449625318100713969e+02
1.468000000000000114e+02 1.440039115892440975e+02
1.470000000000000000e+02 1.490451570973389153e+02
1.471999999999999886e+02 1.450862689531110448e+02
1.474000000000000057e+02 1.461272477716230753e+02
1.475999999999999943e+02 1.401680941642717926e+02
1.478000000000000114e+02 1.412088087388153212e+02
1.480000000000000000e+02 1.472493920993993868e+02
1.481999999999999886e+02 1.442898448465838612e+02
1.484000000000000057e+02 1.453301675773688544e+02
1.485999999999999943e+02 1.383703608852205207e+02
1.488000000000000114e+02 1.404104253600968661e+02
1.490000000000000000e+02 1.434503615884730436e+02
1.491999999999999886e+02 1.444901701533667335e+02
1.494000000000000057e+02 1.395298516343630411e+02
1.495999999999999943e+02 1.395694066076393938e+02
1.498000000000000114e+02 1.396088356459900410e+02
1.500000000000000000e+02 1.426481393188505251e+02
1.501999999999999886e+02 1.416873181923217544e+02
1.504000000000000057e+02 1.367263728291940481e+02
1.505999999999999943e+02 1.357653037889708685e+02
1.508000000000000114e+02 1.408041116278923539e+02
1.510000000000000000e+02 1.398427968989587100e+02
1.511999999999999886e+02 1.368813601519533734e+02
1.514000000000000057e+02 1.409198019334659477e+02
1.515999999999999943e+02 1.369581227869149984e+02
1.518000000000000114e+02 1.339963232525705905e+02
1.520000000000000000e+02 1.370344038675767422e+02
1.521999999999999886e+02 1.350723651659735651e+02
1.524000000000000057e+02 1.391102076787193198e+02
1.525999999999999943e+02 1.361479319337121865e+02
1.528000000000000114e+02 1.351855384558120079e+02
1.530000000000000000e+02 1.372230277668616054e+02
1.531999999999999886e+02 1.342604003857082091e+02
1.534000000000000057e+02 1.342976568282244330e+02
1.535999999999999943e+02 1.313347976073293637e+02
1.538000000000000114e+02 1.353718232330091098e+02
1.540000000000000000e+02 1.354087342123375777e+02
1.541999999999999886e+02 1.314455310494967364e+02
1.544000000000000057e+02 1.334822142457969676e+02
1.545999999999999943e+02 1.305187842996970744e+02
1.548000000000000114e+02 1.335552417068242335e+02
1.550000000000000000e+02 1.355915869599936343e+02
1.551999999999999886e+02 1.306278205492281757e+02
1.554000000000000057e+02 1.316639429617778774e+02
1.555999999999999943e+02 1.316999546821390652e+02
1.558000000000000114e+02 1.317358561920734701e+02
1.560000000000000000e+02 1.317716479706272992e+02
1.561999999999999886e+02 1.308073304941498236e+02
1.564000000000000057e+02 1.338429042363122221e+02
1.565999999999999943e+02 1.278783696681258562e+02
1.568000000000000114e+02 1.259137272579608009e+02
1.570000000000000000e+02 1.329489774715638646e+02
1.571999999999999886e+02 1.289841207720766647e+02
1.574000000000000057e+02 1.280191576200535906e+02
1.575999999999999943e+02 1.280540884734793963e+02
1.578000000000000114e+02 1.310889137877870212e+02
1.580000000000000000e+02 1.271236340158746998e+02
1.581999999999999886e+02 1.301582496081236684e+02
1.584000000000000057e+02 1.271927610124150050e+02
1.585999999999999943e+02 1.272271686741468670e+02
1.588000000000000114e+02 1.252614730362512887e+02
1.590000000000000000e+02 1.282956745392109781e+02
1.591999999999999886e+02 1.283297736210759297e+02
1.594000000000000057e+02 1.253637707174799232e+02
1.595999999999999943e+02 1.253976662616568376e+02
1.598000000000000114e+02 1.244314606844569511e+02
1.600000000000000000e+02 1.284651544143629849e+02
1.601999999999999886e+02 1.244987478775060481e+02
1.604000000000000057e+02 1.235322414976815821e+02
1.605999999999999943e+02 1.265656356963649500e+02
1.608000000000000114e+02 1.225989308927271111e+02
1.610000000000000000e+02 1.256321275036500396e+02
1.611999999999999886e+02 1.266652259437420582e+02
1.614000000000000057e+02 1.226982266253531435e+02
1.615999999999999943e+02 1.207311299585898894e+02
1.618000000000000114e+02 1.237639363513305852e+02
1.620000000000000000e+02 1.217966462092400661e+02
1.621999999999999886e+02 1.268292599357844068e+02
1.624000000000000057e+02 1.198617779322456158e+02
1.625999999999999943e+02 1.218942005977360736e+02
1.628000000000000114e+02 1.189265283292129993e+02
1.630000000000000000e+02 1.239587615214926615e+02
1.631999999999999886e+02 1.239909005672646458e+02
1.634000000000000057e+02 1.210229458571058245e+02
1.635999999999999943e+02 1.210548977794943539e+02
1.638000000000000114e+02 1.180867567208235016e+02
1.640000000000000000e+02 1.241185230654153884e+02
1.641999999999999886e+02 1.191501971955346022e+02
1.644000000000000057e+02 1.171817794914017412e+02
1.645999999999999943e+02 1.222132703312068145e+02
1.648000000000000114e+02 1.182446700911225150e+02
1.650000000000000000e+02 1.202759791453175069e+02
1.651999999999999886e+02 1.233071978659694565e+02
1.654000000000000057e+02 1.173383266232780926e+02
1.655999999999999943e+02 1.173693657854780383e+02
1.658000000000000114e+02 1.184003157188517150e+02
1.660000000000000000e+02 1.214311767877419328e+02
1.661999999999999886e+02 1.164619493545645810e+02
1.664000000000000057e+02 1.174926337798210909e+02
1.665999999999999943e+02 1.155232304221108848e+02
1.668000000000000114e+02 1.195537396381436679e+02
1.670000000000000000e+02 1.165841617827516217e+02
1.671999999999999886e+02 1.146144972089016107e+02
1.674000000000000057e+02 1.166447462677071769e+02
1.675999999999999943e+02 1.166749093084404478e+02
1.678000000000000114e+02 1.157049866785440457e+02
1.680000000000000000e+02 1.157349787236428256e+02
1.681999999999999886e+02 1.197648857875555706e+02
1.684000000000000057e+02 1.127947082123065314e+02
1.685999999999999943e+02 1.158244463381369371e+02
1.688000000000000114e+02 1.138541005035164630e+02
1.690000000000000000e+02 1.188836710451544576e+02
1.691999999999999886e+02 1.159131582980112540e+02
1.694000000000000057e+02 1.129425625953092975e+02
1.695999999999999943e+02 1.139718842685441871e+02
1.698000000000000114e+02 1.140011236474956888e+02
1.700000000000000000e+02 1.140302810602386643e+02
1.701999999999999886e+02 1.180593568331537995e+02
1.704000000000000057e+02 1.110883512909384478e+02
1.705999999999999943e+02 1.111172647566172174e+02
1.708000000000000114e+02 1.161460975515525718e+02
1.710000000000000000e+02 1.131748499954553040e+02
1.711999999999999886e+02 1.112035224063950238e+02
1.714000000000000057e+02 1.152321151008104323e+02
1.715999999999999943e+02 1.082606283935195819e+02
1.718000000000000114e+02 1.102890625977301227e+02
1.720000000000000000e+02 1.153174180250493492e+02
1.721999999999999886e+02 1.123456949854943048e+02
1.724000000000000057e+02 1.113738937875016859e+02
1.725999999999999943e+02 1.074020147379377477e+02
1.728000000000000114e+02 1.114300581421081375e+02
1.730000000000000000e+02 1.154580243037676013e+02
1.731999999999999886e+02 1.084859135251296891e+02
1.734000000000000057e+02 1.105137261068763479e+02
1.735999999999999943e+02 1.105414623481674141e+02
1.738000000000000114e+02 1.085691225466501209e+02
1.740000000000000000e+02 1.135967069984684485e+02
1.741999999999999886e+02 1.086242159982724615e+02
1.744000000000000057e+02 1.076516498392275736e+02
1.745999999999999943e+02 1.096790088130236711e+02
1.748000000000000114e+02 1.117062932098843220e+02
1.750000000000000000e+02 1.077335033185756998e+02
1.751999999999999886e+02 1.107606394264157075e+02
1.754000000000000057e+02 1.057877018192828018e+02
1.755999999999999943e+02 1.118146907816248330e+02
1.758000000000000114e+02 1.068416065964679262e+02
1.760000000000000000e+02 1.098684495454250794e+02
1.761999999999999886e+02 1.088952199087049451e+02
1.764000000000000057e+02 1.079219179651203575e+02
1.765999999999999943e+02 1.049485439920968446e+02
1.768000000000000114e+02 1.089750982656811971e+02
1.770000000000000000e+02 1.110015810605497393e+02
1.771999999999999886e+02 1.060279926500168699e+02
1.774000000000000057e+02 1.050543333060431337e+02
1.775999999999999943e+02 1.070806032992436201e+02
1.778000000000000114e+02 1.071068028988960634e+02
1.780000000000000000e+02 1.071329323729489857e+02
1.781999999999999886e+02 1.041589919880296975e+02
1.784000000000000057e+02 1.051849820094523551e+02
1.785999999999999943e+02 1.072109027012258480e+02
1.788000000000000114e+02 1.062367543260617566e+02
1.790000000000000000e+02 1.052625371453820691e+02
1.791999999999999886e+02 -1.661174858067294124e+01
