# energy (eV)  EELS (a.u)
2.600000000000000089e+00 9.069909959354072271e+01
2.799999000000000127e+00 -5.542310979419880823e+01
3.000000000000000000e+00 -5.954195655031298884e+01
3.200000999999999873e+00 -3.803471787204944121e+01
3.399999999999999911e+00 1.192580395891400258e+01
3.600000000000000089e+00 7.024759218435019648e+01
3.799999000000000127e+00 1.303563934617061477e+02
4.000000000000000000e+00 1.834433785414171325e+02
4.200001000000000317e+00 2.388183596528617727e+02
4.400000000000000355e+00 2.800931084886240114e+02
4.599999999999999645e+00 3.188212358605123882e+02
4.799998999999999683e+00 3.608626240066037099e+02
5.000000000000000000e+00 3.966100185684344979e+02
5.200001000000000317e+00 4.301273694832166257e+02
5.400000000000000355e+00 4.572439721846726570e+02
5.599999999999999645e+00 4.836177895594596521e+02
5.799998999999999683e+00 5.087767362359277286e+02
6.000000000000000000e+00 5.331513213222197010e+02
6.200001000000000317e+00 5.570951916699967796e+02
6.400000000000000355e+00 5.809024717218050000e+02
6.599999999999999645e+00 6.038206185472030256e+02
6.799998999999999683e+00 6.210584112140072648e+02
7.000000000000000000e+00 6.467943885851302639e+02
7.200001000000000317e+00 6.721812782631311620e+02
7.400000000000000355e+00 6.863510282869724506e+02
7.599999999999999645e+00 7.104187341757855165e+02
7.799998999999999683e+00 7.334844892710299291e+02
8.000000000000000000e+00 7.566365664871182162e+02
8.200001000000000317e+00 7.779524179766375482e+02
8.400000000000000355e+00 7.975006544869064555e+02
8.599999999999999645e+00 8.153426357554205879e+02
8.799998999999999683e+00 8.285327909581591257e+02
9.000000000000000000e+00 8.451201910350871458e+02
9.200001000000000317e+00 8.631486272999803759e+02
9.400000000000000355e+00 8.756575862778514647e+02
9.599999999999999645e+00 8.836830470999362888e+02
9.800000999999999962e+00 8.842574634277228824e+02
1.000000000000000000e+01 8.954101879150242667e+02
1.019999999999999929e+01 8.971682667776634617e+02
1.040000000000000036e+01 9.015562119523726778e+02
1.059999999999999964e+01 8.995965118942701793e+02
1.080000000000000071e+01 9.013097991512511271e+02
1.100000000000000000e+01 9.017150420998387972e+02
1.119999999999999929e+01 9.078297130639559782e+02
1.140000000000000036e+01 9.056699361744654198e+02
1.159999999999999964e+01 9.122506177887997865e+02
1.180000000000000071e+01 9.165855618472537572e+02
1.200000000000000000e+01 9.186875721768644780e+02
1.219999999999999929e+01 9.225685434506065121e+02
1.240000000000000036e+01 9.272395422571706831e+02
1.259999999999999964e+01 9.297108795255796849e+02
1.280000000000000071e+01 9.329921753718888340e+02
1.300000000000000000e+01 9.290924172861755324e+02
1.319999999999999929e+01 9.360200124521425096e+02
1.340000000000000036e+01 9.407828348849483291e+02
1.359999999999999964e+01 9.323882679821765578e+02
1.380000000000000071e+01 9.328432430054914448e+02
1.400000000000000000e+01 9.311542739443694927e+02
1.419999999999999929e+01 9.293274891565529288e+02
1.440000000000000036e+01 9.203686601310718061e+02
1.459999999999999964e+01 9.062832276776046001e+02
1.480000000000000071e+01 9.000763258095788615e+02
1.500000000000000000e+01 8.977528035568867608e+02
1.519999999999999929e+01 8.903172449167255991e+02
1.540000000000000036e+01 8.817739871272316350e+02
1.559999999999999964e+01 8.771271374277837367e+02
1.580000000000000071e+01 8.723805884516747255e+02
1.600000000000000000e+01 8.745380323809106358e+02
1.619999999999999929e+01 8.746029739789183850e+02
1.639999999999999858e+01 8.745787426046331348e+02
1.660000000000000142e+01 8.754685033005960122e+02
1.680000000000000071e+01 8.822752670381159987e+02
1.700000000000000000e+01 8.870019001940850103e+02
1.719999999999999929e+01 8.996511333265223129e+02
1.739999999999999858e+01 9.122255693092745332e+02
1.760000000000000142e+01 9.137276908803663673e+02
1.780000000000000071e+01 9.321598676532305490e+02
1.800000000000000000e+01 9.425243626353407080e+02
1.819999999999999929e+01 9.578233382945693393e+02
1.839999999999999858e+01 9.740588622098387077e+02
1.860000000000000142e+01 9.982329123392659085e+02
1.880000000000000071e+01 1.013347381935982185e+03
1.900000000000000000e+01 1.032404084139097904e+03
1.919999999999999929e+01 1.057404756264843854e+03
1.939999999999999858e+01 1.077351063820721947e+03
1.960000000000000142e+01 1.103244604263518795e+03
1.980000000000000071e+01 1.127086910520245965e+03
2.000000000000000000e+01 1.156879454289455225e+03
2.019999999999999929e+01 1.185623649138910423e+03
2.039999999999999858e+01 1.216320853414276826e+03
2.060000000000000142e+01 1.238972372972281846e+03
2.080000000000000071e+01 1.270579463750710829e+03
2.100000000000000000e+01 1.302143334186606580e+03
2.119999999999999929e+01 1.325665147493142968e+03
2.139999999999999858e+01 1.359146023804812558e+03
2.160000000000000142e+01 1.397587042199823600e+03
2.180000000000000071e+01 1.429989242607914775e+03
2.200000000000000000e+01 1.460353627611167212e+03
2.219999999999999929e+01 1.498681164144828017e+03
2.239999999999999858e+01 1.532972785104624563e+03
2.260000000000000142e+01 1.568229390866583344e+03
2.280000000000000071e+01 1.611451850724911992e+03
2.300000000000000000e+01 1.650641004253108122e+03
2.319999999999999929e+01 1.698797662593087580e+03
2.339999999999999858e+01 1.747922609676777711e+03
2.360000000000000142e+01 1.796016603384312930e+03
2.380000000000000071e+01 1.851080376642678175e+03
2.400000000000000000e+01 1.916114638468378871e+03
2.419999999999999929e+01 1.977120074957473662e+03
2.439999999999999858e+01 2.040097350226073559e+03
2.460000000000000142e+01 2.104047107304209931e+03
2.480000000000000071e+01 2.188969968985769356e+03
2.500000000000000000e+01 2.263866538637026224e+03
2.519999999999999929e+01 2.338737400966127552e+03
2.539999999999999858e+01 2.431583122755738259e+03
2.560000000000000142e+01 2.504404253560910547e+03
2.580000000000000071e+01 2.609201326374104156e+03
2.600000000000000000e+01 2.688974858259173743e+03
2.619999999999999929e+01 2.770725350956009152e+03
2.639999999999999858e+01 2.862453291457426076e+03
2.660000000000000142e+01 2.938159152559790527e+03
2.680000000000000071e+01 2.992843393388783625e+03
2.700000000000000000e+01 3.056506459901613653e+03
2.719999999999999929e+01 3.099148785366913671e+03
2.739999999999999858e+01 3.148770790823485640e+03
2.760000000000000142e+01 3.169372885518980638e+03
2.780000000000000071e+01 3.174955467329543808e+03
2.800000000000000000e+01 3.169518923161389466e+03
2.819999999999999929e+01 3.168063629335220412e+03
2.839999999999999858e+01 3.145589951954346361e+03
2.860000000000000142e+01 3.119098247257310959e+03
2.880000000000000071e+01 3.075588861955793618e+03
2.900000000000000000e+01 3.027062133558503774e+03
2.919999999999999929e+01 2.972518390681747405e+03
2.939999999999999858e+01 2.907957953347312468e+03
2.960000000000000142e+01 2.835381133268269423e+03
2.980000000000000071e+01 2.767788234123275288e+03
3.000000000000000000e+01 2.684179551819911467e+03
3.019999999999999929e+01 2.613555374747573751e+03
3.039999999999999858e+01 2.528915984020397900e+03
3.060000000000000142e+01 2.448261653710686460e+03
3.080000000000000071e+01 2.353592651073262459e+03
3.100000000000000000e+01 2.279909236761171542e+03
3.119999999999999929e+01 2.196211665033119061e+03
3.139999999999999858e+01 2.122500183953015949e+03
3.160000000000000142e+01 2.048775035581981683e+03
3.180000000000000071e+01 1.966036456163141793e+03
3.200000000000000000e+01 1.901284676299535022e+03
3.220000000000000284e+01 1.837519921125430528e+03
3.239999999999999858e+01 1.770742410471345693e+03
3.260000000000000142e+01 1.705952359023028293e+03
3.279999999999999716e+01 1.648149976474669756e+03
3.300000000000000000e+01 1.595335467676589133e+03
3.320000000000000284e+01 1.543509032777625180e+03
3.339999999999999858e+01 1.484670867362455965e+03
3.360000000000000142e+01 1.427821162584062449e+03
3.379999999999999716e+01 1.378960105291530226e+03
3.400000000000000000e+01 1.333087878153388829e+03
3.420000000000000284e+01 1.296204659776667768e+03
3.439999999999999858e+01 1.248310624821843248e+03
3.460000000000000142e+01 1.204405944113844043e+03
3.479999999999999716e+01 1.167490784749273189e+03
3.500000000000000000e+01 1.130565310199997612e+03
3.520000000000000284e+01 1.093629680413249616e+03
3.539999999999999858e+01 1.055684051908378478e+03
3.560000000000000142e+01 1.018728577870382310e+03
3.579999999999999716e+01 9.877634082403480988e+02
3.600000000000000000e+01 9.637886898029177019e+02
3.620000000000000284e+01 9.318045662708948385e+02
3.639999999999999858e+01 9.068111783671045032e+02
3.660000000000000142e+01 8.848086639036067709e+02
3.679999999999999716e+01 8.537971578583675409e+02
3.700000000000000000e+01 8.357767924494805811e+02
3.720000000000000284e+01 8.147476972070328429e+02
3.739999999999999858e+01 7.897099990427025205e+02
3.760000000000000142e+01 7.686638223171698883e+02
3.779999999999999716e+01 7.526092889054266379e+02
3.800000000000000000e+01 7.395465182600562457e+02
3.820000000000000284e+01 7.274756274725618823e+02
3.839999999999999858e+01 7.173967313328105320e+02
3.860000000000000142e+01 6.983099423866644884e+02
3.879999999999999716e+01 6.962153709918609366e+02
3.900000000000000000e+01 6.911131253722051042e+02
3.920000000000000284e+01 6.960033116701356448e+02
3.939999999999999858e+01 6.968860339977196645e+02
3.960000000000000142e+01 7.057613944861329855e+02
3.979999999999999716e+01 7.176294933336769191e+02
4.000000000000000000e+01 7.274904288523845253e+02
4.020000000000000284e+01 7.413442975132634274e+02
4.039999999999999858e+01 7.561911939902222457e+02
4.060000000000000142e+01 7.610312112027263538e+02
4.079999999999999716e+01 7.728644403572247938e+02
4.100000000000000000e+01 7.826909709873916654e+02
4.120000000000000284e+01 7.905108909932196184e+02
4.139999999999999858e+01 7.913242866790062635e+02
4.160000999999999749e+01 7.911312829784698124e+02
4.179999999999999716e+01 7.959318425496198870e+02
4.200000000000000000e+01 8.037261676916494935e+02
4.220000000000000284e+01 8.085142984968272231e+02
4.239999999999999858e+01 8.092963138244755328e+02
4.260000999999999749e+01 8.220723297940145358e+02
4.279999999999999716e+01 8.298423065702352233e+02
4.300000000000000000e+01 8.406064348854611126e+02
4.320000000000000284e+01 8.613647495772364664e+02
4.339999999999999858e+01 8.791173228629568257e+02
4.360000999999999749e+01 8.938642629231762839e+02
4.379999999999999716e+01 9.186055279060934708e+02
4.400000000000000000e+01 9.393412979994566285e+02
4.420000000000000284e+01 9.580716034109123029e+02
4.439999999999999858e+01 9.767965104158161012e+02
4.460000999999999749e+01 9.955161200235536398e+02
4.479999999999999716e+01 1.011230388769227943e+03
4.500000000000000000e+01 1.030939487201071188e+03
4.520000000000000284e+01 1.047643441438801801e+03
4.539999999999999858e+01 1.055342312427743309e+03
4.560000999999999749e+01 1.069036194681621964e+03
4.579999999999999716e+01 1.077725043464551391e+03
4.600000000000000000e+01 1.085409020489217255e+03
4.620000000000000284e+01 1.101088148258904994e+03
4.639999999999999858e+01 1.101762482925760423e+03
4.660000999999999749e+01 1.106432113104172458e+03
4.679999999999999716e+01 1.107096993077675279e+03
4.700000000000000000e+01 1.101757276439873976e+03
4.720000000000000284e+01 1.101412982488954640e+03
4.739999999999999858e+01 1.097064163056243615e+03
4.760000999999999749e+01 1.079710901384834415e+03
4.779999999999999716e+01 1.072353151024439512e+03
4.800000000000000000e+01 1.062991058090022307e+03
4.820000000000000284e+01 1.054624639034477696e+03
4.839999999999999858e+01 1.034253941785118514e+03
4.860000999999999749e+01 1.023879044682711992e+03
4.879999999999999716e+01 1.015499900752938515e+03
4.900000000000000000e+01 9.981166492062764064e+02
4.920000000000000284e+01 9.957293039658617317e+02
4.939999999999999858e+01 9.803379094237964182e+02
4.960000999999999749e+01 9.759425394362041288e+02
4.979999999999999716e+01 9.715431466831431635e+02
5.000000000000000000e+01 9.691398639867786642e+02
5.020000000000000284e+01 9.627327030178582845e+02
5.039999999999999858e+01 9.593217049604630802e+02
5.060000999999999749e+01 9.589069395590854583e+02
5.079999999999999716e+01 9.664883592998735367e+02
5.100000000000000000e+01 9.620660910819622131e+02
5.120000000000000284e+01 9.636401445680921825e+02
5.139999999999999858e+01 9.672105580253289645e+02
5.160000999999999749e+01 9.627773974205218792e+02
5.179999999999999716e+01 9.603406151748533830e+02
5.200000000000000000e+01 9.699003326849135647e+02
5.220000000000000284e+01 9.704565578212195760e+02
5.239999999999999858e+01 9.710093261932711357e+02
5.260000999999999749e+01 9.725587002900665539e+02
5.279999999999999716e+01 9.731046325773171475e+02
5.300000000000000000e+01 9.776472393299992518e+02
5.320000000000000284e+01 9.821865268173324921e+02
5.339999999999999858e+01 9.827225282231049732e+02
5.360000999999999749e+01 9.872553028282060268e+02
5.379999999999999716e+01 9.947848032357221655e+02
5.400000000000000000e+01 1.004311140944924432e+03
5.420000000000000284e+01 1.004834320792999620e+03
5.439999999999999858e+01 1.014354373745680391e+03
5.460000999999999749e+01 1.016871356119009647e+03
5.479999999999999716e+01 1.025385220732023072e+03
5.500000000000000000e+01 1.031896074623100276e+03
5.520000000000000284e+01 1.046403921347736514e+03
5.539999999999999858e+01 1.051908789839991414e+03
5.560000999999999749e+01 1.063410733670931222e+03
5.579999999999999716e+01 1.067909705941859102e+03
5.600000000000000000e+01 1.082405809517397984e+03
5.620000000000000284e+01 1.089899046805122907e+03
5.639999999999999858e+01 1.099389444875053869e+03
5.660000999999999749e+01 1.109877054752429331e+03
5.679999999999999716e+01 1.110361829876604133e+03
5.700000000000000000e+01 1.123843869200876270e+03
5.720000000000000284e+01 1.123323174104129976e+03
5.739999999999999858e+01 1.124799769943415868e+03
5.760000999999999749e+01 1.122273705378897148e+03
5.779999999999999716e+01 1.122744934234694938e+03
5.800000000000000000e+01 1.119213551793116721e+03
5.820000000000000284e+01 1.121679558510795914e+03
5.839999999999999858e+01 1.118142978168217269e+03
5.860000999999999749e+01 1.112603857224847616e+03
5.879999999999999716e+01 1.106062149928475947e+03
5.900000000000000000e+01 1.101517948110941688e+03
5.920000000000000284e+01 1.097971251401792642e+03
5.939999999999999858e+01 1.091422082128336342e+03
5.960000999999999749e+01 1.076870484699118606e+03
5.979999999999999716e+01 1.069316413817761486e+03
6.000000000000000000e+01 1.066759958068349533e+03
6.020000000000000284e+01 1.055201116338557540e+03
6.039999999999999858e+01 1.045639909614329554e+03
6.060000999999999749e+01 1.034076380390009263e+03
6.079999999999999716e+01 1.024510483851403706e+03
6.100000000000000000e+01 1.018942305521520552e+03
6.120000000000000284e+01 1.007371843622564938e+03
6.139999999999999858e+01 9.937991179006156699e+02
6.160000999999999749e+01 9.782241690608393583e+02
6.179999999999999716e+01 9.716469527925612510e+02
6.200000000000000000e+01 9.570675517299160902e+02
6.220000000000000284e+01 9.484859634982360603e+02
6.239999999999999858e+01 9.379022066960218353e+02
6.260000999999999749e+01 9.273163203537889103e+02
6.279999999999999716e+01 9.137282606813823804e+02
6.300000000000000000e+01 9.051381075831789076e+02
6.320000000000000284e+01 8.935458581493006704e+02
6.339999999999999858e+01 8.809515299147177529e+02
6.360000999999999749e+01 8.713551603403778927e+02
6.379999999999999716e+01 8.607567061699055557e+02
6.400000000000000000e+01 8.501562447251757249e+02
6.420000000000000284e+01 8.445537726165964614e+02
6.440000000000000568e+01 8.309493063922677720e+02
6.460000999999999749e+01 8.233428820401446728e+02
6.479999999999999716e+01 8.147344568476609084e+02
6.500000000000000000e+01 8.051241056906792437e+02
6.520000000000000284e+01 7.985118247498950268e+02
6.540000000000000568e+01 7.868976296565676876e+02
6.560000999999999749e+01 7.762815550145515999e+02
6.579999999999999716e+01 7.706635586623323206e+02
6.600000000000000000e+01 7.660437131564592619e+02
6.620000000000000284e+01 7.604220142930138309e+02
6.640000000000000568e+01 7.497984768504769590e+02
6.660000999999999749e+01 7.391731341305485330e+02
6.679999999999999716e+01 7.375459445276039787e+02
6.700000000000000000e+01 7.299169783966585783e+02
6.720000000000000284e+01 7.322862311898956023e+02
6.740000000000000568e+01 7.166537168917056988e+02
6.760000999999999749e+01 7.120194675772852406e+02
6.779999999999999716e+01 7.043834421996670017e+02
6.800000000000000000e+01 6.997457090219704696e+02
6.820000000000000284e+01 6.981062631892755235e+02
6.840000000000000568e+01 6.844651179457192711e+02
6.860000999999999749e+01 6.828223042099335771e+02
6.879999999999999716e+01 6.811777814945936598e+02
6.900000000000000000e+01 6.735316160731213131e+02
6.920000000000000284e+01 6.648838028167724588e+02
6.940000000000000568e+01 6.652343542788821651e+02
6.960000999999999749e+01 6.595833002862647163e+02
6.979999999999999716e+01 6.509306009106931015e+02
7.000000000000000000e+01 6.472763205312764967e+02
7.020000000000000284e+01 6.456204537755711499e+02
7.040000000000000568e+01 6.369630125515925556e+02
7.060000999999999749e+01 6.333040256543575879e+02
7.079999999999999716e+01 6.286434537128798183e+02
7.100000000000000000e+01 6.219813593010941304e+02
7.120000000000000284e+01 6.143177368301471688e+02
7.140000000000000568e+01 6.156525976046178812e+02
7.160000999999999749e+01 6.029859694434354651e+02
7.179999999999999716e+01 6.033178135298761617e+02
7.200000000000000000e+01 6.016481907161023628e+02
7.220000000000000284e+01 5.929770952215895932e+02
7.240000000000000568e+01 5.873045377860959206e+02
7.260000999999999749e+01 5.816305453042371028e+02
7.279999999999999716e+01 5.809550795096185993e+02
7.300000000000000000e+01 5.762781996107563600e+02
7.320000000000000284e+01 5.695998996578954348e+02
7.340000000000000568e+01 5.659201898616177004e+02
7.360000999999999749e+01 5.622390962404002721e+02
7.379999999999999716e+01 5.535565810734340175e+02
7.400000000000000000e+01 5.518727019988555185e+02
7.420000000000000284e+01 5.481874529180479385e+02
7.440000000000000568e+01 5.415008435453559059e+02
7.460000999999999749e+01 5.378128990679972503e+02
7.479999999999999716e+01 5.341235823053200420e+02
7.500000000000000000e+01 5.254329493938674887e+02
7.520000000000000284e+01 5.247409941046582844e+02
7.540000000000000568e+01 5.220477256862732247e+02
7.560000999999999749e+01 5.183531685365268231e+02
7.579999999999999716e+01 5.116572860089222559e+02
7.600000000000000000e+01 5.089601328030582863e+02
7.620000000000000284e+01 5.062617025763944412e+02
7.640000000000000568e+01 5.015620041399697584e+02
7.660000999999999749e+01 4.958610611412769913e+02
7.679999999999999716e+01 4.931588374614940449e+02
7.700000000000000000e+01 4.914553864240971279e+02
7.720000000000000284e+01 4.867507015882629275e+02
7.740000000000000568e+01 4.830447913536527835e+02
7.760000999999999749e+01 4.793376786539671457e+02
7.779999999999999716e+01 4.726293278911843458e+02
7.800000000000000000e+01 4.709197910699386966e+02
7.820000000000000284e+01 4.722090616650133938e+02
7.840000000000000568e+01 4.634971476889735413e+02
7.860000999999999749e+01 4.607840713959081995e+02
7.879999999999999716e+01 4.530697977014004891e+02
7.900000000000000000e+01 4.563543773452399819e+02
7.920000000000000284e+01 4.526378037304499458e+02
7.940000000000000568e+01 4.489200845050556836e+02
7.960000999999999749e+01 4.382012412755499327e+02
7.979999999999999716e+01 4.434812394636683166e+02
8.000000000000000000e+01 4.387601285953064689e+02
8.020000000000000284e+01 4.360379020132203323e+02
8.040000000000000568e+01 4.353145670218697774e+02
8.060000999999999749e+01 4.295901446101692045e+02
8.079999999999999716e+01 4.268646006983521488e+02
8.100000000000000000e+01 4.251379836465400786e+02
8.120000000000000284e+01 4.264102867476800611e+02
8.140000000000000568e+01 4.196815169821870768e+02
8.160000999999999749e+01 4.179516947495692989e+02
8.179999999999999716e+01 4.162207864607506735e+02
8.200000000000000000e+01 4.164888393555659150e+02
8.220000000000000284e+01 4.127558466866695426e+02
8.240000000000000568e+01 4.100218151286176180e+02
8.260000999999999749e+01 4.072867645179764509e+02
8.279999999999999716e+01 4.045506617484421668e+02
8.300000000000000000e+01 4.068135529825981962e+02
8.320000000000000284e+01 4.000754314414675719e+02
8.340000000000000568e+01 4.003363035107034875e+02
8.360000999999999749e+01 3.985961884888144482e+02
8.379999999999999716e+01 3.948550537442758355e+02
8.400000000000000000e+01 3.961129444031708431e+02
8.420000000000000284e+01 3.933698536627723570e+02
8.440000000000000568e+01 3.886257876356544330e+02
8.460000999999999749e+01 3.888807651056867485e+02
8.479999999999999716e+01 3.861347539080886122e+02
8.500000000000000000e+01 3.843877981710617746e+02
8.520000000000000284e+01 3.856398910753001701e+02
8.540000000000000568e+01 3.778910384750788580e+02
8.560000999999999749e+01 3.781412586616875160e+02
8.579999999999999716e+01 3.743905199290393284e+02
8.600000000000000000e+01 3.796388654440819437e+02
8.620000000000000284e+01 3.698862883774547754e+02
8.640000000000000568e+01 3.701327943389494521e+02
8.660000999999999749e+01 3.663784011480724985e+02
8.679999999999999716e+01 3.666230775493888814e+02
8.700000000000000000e+01 3.668668657833586622e+02
8.720000000000000284e+01 3.631097590165001066e+02
8.740000000000000568e+01 3.583517626270468099e+02
8.760000999999999749e+01 3.515928939823443216e+02
8.779999999999999716e+01 3.538331222695975384e+02
8.800000000000000000e+01 3.520724888358024600e+02
8.820000000000000284e+01 3.483109868487509289e+02
8.840000000000000568e+01 3.475486214672204142e+02
8.860000999999999749e+01 3.447854096249250233e+02
8.879999999999999716e+01 3.420213209437442856e+02
8.900000000000000000e+01 3.402563959086023715e+02
8.920000000000000284e+01 3.374906276934671610e+02
8.940000000000000568e+01 3.307240212489991791e+02
8.960000999999999749e+01 3.349565930927925592e+02
8.979999999999999716e+01 3.261883132734986930e+02
9.000000000000000000e+01 3.314192214438324413e+02
9.020000000000000284e+01 3.276493107883898119e+02
9.040000000000000568e+01 3.278785860603475157e+02
9.060000999999999749e+01 3.211070633777419516e+02
9.079999999999999716e+01 3.213347132081687505e+02
9.100000000000000000e+01 3.185615744005604029e+02
9.120000000000000284e+01 3.177876401541817586e+02
9.140000000000000568e+01 3.150129150347039513e+02
9.160000999999999749e+01 3.102374147762819803e+02
9.179999999999999716e+01 3.104611102577140400e+02
9.200000000000000000e+01 3.086840395512290911e+02
9.220000000000000284e+01 3.089061958744254071e+02
9.240000000000000568e+01 3.011275836148382723e+02
9.260000999999999749e+01 2.993482181375907203e+02
9.279999999999999716e+01 3.005680707250367050e+02
9.300000000000000000e+01 2.997871786985138556e+02
9.320000000000000284e+01 2.970055352972735818e+02
9.340000000000000568e+01 2.932231447395207624e+02
9.360000999999999749e+01 2.884400220354216344e+02
9.379999999999999716e+01 2.856561388633425622e+02
9.400000000000000000e+01 2.858715318183499221e+02
9.420000000000000284e+01 2.860861941643523778e+02
9.440000000000000568e+01 2.823001299585050106e+02
9.460000999999999749e+01 2.755133538693686432e+02
9.479999999999999716e+01 2.807258379638880115e+02
9.500000000000000000e+01 2.769376181343561711e+02
9.520000000000000284e+01 2.771486876720542796e+02
9.540000000000000568e+01 2.753590504808794321e+02
9.560000999999999749e+01 2.695687209004607894e+02
9.579999999999999716e+01 2.677776713790017311e+02
9.600000000000000000e+01 2.719859371284628651e+02
9.620000000000000284e+01 2.651935114699484757e+02
9.640000000000000568e+01 2.684003981614342820e+02
9.660000999999999749e+01 2.626066112256562519e+02
9.679999999999999716e+01 2.638121234848757695e+02
9.700000000000000000e+01 2.620169694921648329e+02
9.720000000000000284e+01 2.592211426006581405e+02
9.740000000000000568e+01 2.594246464293238432e+02
9.760000999999999749e+01 2.566274946954464440e+02
9.779999999999999716e+01 2.548296605882668189e+02
9.800000000000000000e+01 2.530311780224720053e+02
9.820000000000000284e+01 2.532320403852116328e+02
9.840000000000000568e+01 2.464322511629642918e+02
9.860000999999999749e+01 2.466318237784460905e+02
9.879999999999999716e+01 2.478307317809230312e+02
9.900000000000000000e+01 2.450290084663125185e+02
9.920000000000000284e+01 2.482266472575597049e+02
9.940000000000000568e+01 2.424236515148027991e+02
9.960000999999999749e+01 2.396200343765466130e+02
9.979999999999999716e+01 2.428157697452546699e+02
1.000000000000000000e+02 2.390108903168508050e+02
1.002000000000000028e+02 2.382053895516686453e+02
1.004000000000000057e+02 2.373992706893108107e+02
1.005999999999999943e+02 2.325925369459406795e+02
1.007999999999999972e+02 2.347851915144990471e+02
1.010000000000000000e+02 2.319772375649187381e+02
1.012000000000000028e+02 2.351686782443362063e+02
1.014000000000000057e+02 2.293595166773012579e+02
1.015999999999999943e+02 2.285497559659842466e+02
1.017999999999999972e+02 2.277393991903810218e+02
1.020000000000000000e+02 2.259284494085153767e+02
1.022000000000000028e+02 2.251169096566395069e+02
1.024000000000000057e+02 2.253047829494323082e+02
1.025999999999999943e+02 2.204920722801949466e+02
1.027999999999999972e+02 2.236787806210450071e+02
1.030000000000000000e+02 2.218649109231078853e+02
1.032000000000000028e+02 2.170504661167064739e+02
1.034000000000000057e+02 2.162354491115484905e+02
1.035999999999999943e+02 2.144198627969119002e+02
1.037999999999999972e+02 2.176037100418284354e+02
1.040000000000000000e+02 2.167869936952646697e+02
1.042000000000000028e+02 2.139697165863016153e+02
1.044000000000000057e+02 2.141518815243121310e+02
1.045999999999999943e+02 2.113334912991363694e+02
1.047999999999999972e+02 2.085145486812553486e+02
1.050000000000000000e+02 2.136950564219628461e+02
1.052000000000000028e+02 2.088750172535351055e+02
1.054000000000000057e+02 2.050544338893988652e+02
1.055999999999999943e+02 2.032333090242977676e+02
1.057999999999999972e+02 2.054116453344566651e+02
1.060000000000000000e+02 2.075894454777443627e+02
1.062000000000000028e+02 2.027667120938345988e+02
1.064000000000000057e+02 2.039434478043650643e+02
1.065999999999999943e+02 2.001196552130953137e+02
1.067999999999999972e+02 2.002953369060623459e+02
1.070000000000000000e+02 2.004704954517349336e+02
1.072000000000000028e+02 1.996451334011661061e+02
1.074000000000000057e+02 1.978192532881441821e+02
1.075999999999999943e+02 1.959928576293421258e+02
1.077999999999999972e+02 1.951659489244654537e+02
1.080000000000000000e+02 1.953385296563982081e+02
1.082000000000000028e+02 1.965106022913479364e+02
1.084000000000000057e+02 1.916821692789887948e+02
1.085999999999999943e+02 1.898532330526031444e+02
1.087999999999999972e+02 1.870237960292220691e+02
1.090000000000000000e+02 1.931938606097636750e+02
1.092000000000000028e+02 1.903634291791708790e+02
1.094000000000000057e+02 1.875325041065470089e+02
1.095999999999999943e+02 1.837010877452904367e+02
1.097999999999999972e+02 1.858691824332275644e+02
1.100000000000000000e+02 1.880367904927447285e+02
1.102000000000000028e+02 1.842039142309182864e+02
1.104000000000000057e+02 1.823705559396439355e+02
1.105999999999999943e+02 1.835367178957642977e+02
1.107999999999999972e+02 1.817024023611953112e+02
1.110000000000000000e+02 1.828676115830513140e+02
1.112000000000000028e+02 1.810323477937689347e+02
1.114000000000000057e+02 1.781966132112297032e+02
1.115999999999999943e+02 1.783604100388812412e+02
1.117999999999999972e+02 1.785237404658574292e+02
1.120000000000000000e+02 1.756866066670974078e+02
1.122000000000000028e+02 1.778490108034629600e+02
1.124000000000000057e+02 1.750109550218552670e+02
1.125999999999999943e+02 1.721724414553302154e+02
1.127999999999999972e+02 1.763334722232123397e+02
1.130000000000000000e+02 1.794940494312080546e+02
1.132000000000000028e+02 1.746541751715174087e+02
1.134000000000000057e+02 1.718138515229448728e+02
1.135999999999999943e+02 1.679730805510090477e+02
1.137999999999999972e+02 1.691318643080512061e+02
1.140000000000000000e+02 1.722902048333426990e+02
1.142000000000000028e+02 1.704481041531914798e+02
1.144000000000000057e+02 1.656055642810474353e+02
1.145999999999999943e+02 1.677625872176065798e+02
1.147999999999999972e+02 1.679191749509146234e+02
1.150000000000000000e+02 1.680753294564688929e+02
1.152000000000000028e+02 1.632310526973199387e+02
1.154000000000000057e+02 1.673863466241715798e+02
1.155999999999999943e+02 1.605412131754802090e+02
1.157999999999999972e+02 1.616956542775532171e+02
1.160000000000000000e+02 1.628496718446462808e+02
1.162000000000000028e+02 1.640032677790597688e+02
1.164000000000000057e+02 1.591564439712342391e+02
1.165999999999999943e+02 1.583092022998447987e+02
1.167999999999999972e+02 1.594615446318951513e+02
1.170000000000000000e+02 1.616134728228098822e+02
1.172000000000000028e+02 1.557649887165263465e+02
1.174000000000000057e+02 1.569160941455859017e+02
1.175999999999999943e+02 1.530667909312235793e+02
1.177999999999999972e+02 1.562170808834575837e+02
1.180000000000000000e+02 1.573669658011773720e+02
1.182000000000000028e+02 1.565164474722313344e+02
1.184000000000000057e+02 1.536655276735133668e+02
1.185999999999999943e+02 1.528142081710486195e+02
1.187999999999999972e+02 1.559624907200787050e+02
1.190000000000000000e+02 1.521103770651456841e+02
1.192000000000000028e+02 1.532578689401755412e+02
1.194000000000000057e+02 1.484049680685608052e+02
1.195999999999999943e+02 1.505516761632423481e+02
1.197999999999999972e+02 1.466979949267904999e+02
1.200000000000000000e+02 1.468439260514851412e+02
1.202000000000000028e+02 1.529894712193954547e+02
1.204000000000000057e+02 1.451346321024586246e+02
1.205999999999999943e+02 1.462794103625577407e+02
1.207999999999999972e+02 1.434238076515993328e+02
1.210000000000000000e+02 1.485678256115897966e+02
1.212000000000000028e+02 1.477114658747113083e+02
1.214000000000000057e+02 1.408547300633969712e+02
1.215999999999999943e+02 1.429976197904053379e+02
1.217999999999999972e+02 1.411401366588939936e+02
1.220000000000000000e+02 1.442822822624929984e+02
1.222000000000000028e+02 1.414240581853768219e+02
1.224000000000000057e+02 1.415654660023365068e+02
1.225999999999999943e+02 1.377065072788504096e+02
1.227999999999999972e+02 1.418471835711548863e+02
1.230000000000000000e+02 1.399874964263139248e+02
1.232000000000000028e+02 1.381274473822882101e+02
1.234000000000000057e+02 1.352670379680038195e+02
1.235999999999999943e+02 1.344062697034198948e+02
1.237999999999999972e+02 1.385451440995960013e+02
1.240000000000000000e+02 1.386836626587586920e+02
1.242000000000000028e+02 1.328218268743676163e+02
1.244000000000000057e+02 1.339596382311808611e+02
1.245999999999999943e+02 1.340970982053198384e+02
1.247999999999999972e+02 1.342342082643334606e+02
1.250000000000000000e+02 1.323709698672619481e+02
1.252000000000000028e+02 1.325073844646996974e+02
1.254000000000000057e+02 1.306434534988580083e+02
1.255999999999999943e+02 1.287791784036268439e+02
1.257999999999999972e+02 1.289145606046364207e+02
1.260000000000000000e+02 1.340496015193179744e+02
1.262000000000000028e+02 1.261843025569638712e+02
1.264000000000000057e+02 1.283186651187877487e+02
1.265999999999999943e+02 1.264526905979833771e+02
1.267999999999999972e+02 1.275863803797835772e+02
1.270000000000000000e+02 1.277197358415183146e+02
1.272000000000000028e+02 1.258527583526723390e+02
1.274000000000000057e+02 1.229854492749423400e+02
1.275999999999999943e+02 1.241178099622936770e+02
1.277999999999999972e+02 1.242498417610163699e+02
1.280000000000000000e+02 1.233815460097807772e+02
1.281999999999999886e+02 1.215129240396928481e+02
1.284000000000000057e+02 1.206439771743486347e+02
1.285999999999999943e+02 1.187747067298885781e+02
1.288000000000000114e+02 1.209051140150511969e+02
1.290000000000000000e+02 1.220352003312262354e+02
1.291999999999999886e+02 1.221649669725076137e+02
1.294000000000000057e+02 1.162944152257455812e+02
1.295999999999999943e+02 1.164235463705985580e+02
1.298000000000000114e+02 1.195523616795846351e+02
1.300000000000000000e+02 1.186808624181324774e+02
1.301999999999999886e+02 1.138090498446318293e+02
1.304000000000000057e+02 1.139369252104835937e+02
1.305999999999999943e+02 1.140644897601494563e+02
1.308000000000000114e+02 1.161917447312011404e+02
1.310000000000000000e+02 1.143186913543690935e+02
1.311999999999999886e+02 1.124453308535909741e+02
1.314000000000000057e+02 1.115716644460595148e+02
1.315999999999999943e+02 1.096976933422700711e+02
1.318000000000000114e+02 1.148234187460677447e+02
1.320000000000000000e+02 1.099488418546941375e+02
1.321999999999999886e+02 1.110739638588336504e+02
1.324000000000000057e+02 1.141987859426595264e+02
1.325999999999999943e+02 1.063233092838790128e+02
1.328000000000000114e+02 1.064475350537790632e+02
1.330000000000000000e+02 1.105714644172706187e+02
1.331999999999999886e+02 1.076950985329333150e+02
1.334000000000000057e+02 1.068184385530593090e+02
1.335999999999999943e+02 1.059414856236969342e+02
1.338000000000000114e+02 1.060642408846941009e+02
1.340000000000000000e+02 1.071867054697410140e+02
1.341999999999999886e+02 1.073088805064129190e+02
1.344000000000000057e+02 1.034307671162120528e+02
1.345999999999999943e+02 1.015523664146096223e+02
1.348000000000000114e+02 1.036736795110873288e+02
1.350000000000000000e+02 1.007947075091783233e+02
1.351999999999999886e+02 1.039154515065081625e+02
1.354000000000000057e+02 1.000359125948351959e+02
1.355999999999999943e+02 1.031560918600905552e+02
1.358000000000000114e+02 1.002759903824182288e+02
1.360000000000000000e+02 1.023956092362141419e+02
1.361999999999999886e+02 1.015149494901655487e+02
1.364000000000000057e+02 9.863401220728974295e+01
1.365999999999999943e+02 9.775279844497245563e+01
1.368000000000000114e+02 9.987130925500613898e+01
1.370000000000000000e+02 9.898954568362771056e+01
1.371999999999999886e+02 9.710750877155609828e+01
1.374000000000000057e+02 9.922519955402952974e+01
1.375999999999999943e+02 9.334261906084230986e+01
1.378000000000000114e+02 9.745976831638165550e+01
1.380000000000000000e+02 9.757664833966367723e+01
1.381999999999999886e+02 9.569326014436978767e+01
1.384000000000000057e+02 9.580960473888202955e+01
1.385999999999999943e+02 9.592568312631888716e+01
1.388000000000000114e+02 9.504149630457007447e+01
1.390000000000000000e+02 9.515704526633166438e+01
1.391999999999999886e+02 9.427233099914045056e+01
1.394000000000000057e+02 9.338735448540850825e+01
1.395999999999999943e+02 9.150211670245684559e+01
1.398000000000000114e+02 9.361661862254948119e+01
1.400000000000000000e+02 9.473086121292669759e+01
1.401999999999999886e+02 9.284484543583837990e+01
1.404000000000000057e+02 8.995857224857681445e+01
1.405999999999999943e+02 9.007204260350945901e+01
1.408000000000000114e+02 9.218525744811134359e+01
1.410000000000000000e+02 9.429821772499710164e+01
1.411999999999999886e+02 9.141092437195302978e+01
1.414000000000000057e+02 8.952337832196857903e+01
1.415999999999999943e+02 8.863558050326781768e+01
1.418000000000000114e+02 8.974753183934049616e+01
1.420000000000000000e+02 9.285923324897299835e+01
1.421999999999999886e+02 8.897068564627898013e+01
1.424000000000000057e+02 9.008188994072963851e+01
1.425999999999999943e+02 8.519284703718406604e+01
1.428000000000000114e+02 9.230355783591900831e+01
1.430000000000000000e+02 8.841402323265859309e+01
1.431999999999999886e+02 8.852424411860383202e+01
1.434000000000000057e+02 8.363422138046172449e+01
1.435999999999999943e+02 8.474395590047433302e+01
1.438000000000000114e+02 8.785344855644748918e+01
1.440000000000000000e+02 8.796270022177932901e+01
1.441999999999999886e+02 8.707171176548868630e+01
1.444000000000000057e+02 8.218048405224300268e+01
1.445999999999999943e+02 8.428901794238640832e+01
1.448000000000000114e+02 8.439731429196720569e+01
1.450000000000000000e+02 8.650537395276529651e+01
1.451999999999999886e+02 8.461319777231960870e+01
1.454000000000000057e+02 8.172078659395484124e+01
1.455999999999999943e+02 8.382814125680846473e+01
1.458000000000000114e+02 8.493526259585718208e+01
1.460000000000000000e+02 8.204215144194338905e+01
1.461999999999999886e+02 8.314880862180135068e+01
1.464000000000000057e+02 8.225523495808317875e+01
1.465999999999999943e+02 8.136143126938458181e+01
1.468000000000000114e+02 8.246739837027044473e+01
1.470000000000000000e+02 8.157313707130032299e+01
1.471999999999999886e+02 8.067864817905345376e+01
1.474000000000000057e+02 8.178393249615393756e+01
1.475999999999999943e+02 7.988899082129543672e+01
1.478000000000000114e+02 8.199382394926578854e+01
1.480000000000000000e+02 8.309843267097150488e+01
1.481999999999999886e+02 7.920281777346195895e+01
1.484000000000000057e+02 7.730698003995348699e+01
1.485999999999999943e+02 7.941092024985323405e+01
1.488000000000000114e+02 7.951463917878288612e+01
1.490000000000000000e+02 7.961813759860206119e+01
1.491999999999999886e+02 7.972141627743189929e+01
1.494000000000000057e+02 7.782447597967797037e+01
1.495999999999999943e+02 7.792731746605335275e+01
1.498000000000000114e+02 7.902994149360159781e+01
1.500000000000000000e+02 8.013234881571906953e+01
1.501999999999999886e+02 7.723454018217765338e+01
1.504000000000000057e+02 7.533651633914706736e+01
1.505999999999999943e+02 7.743827802921680359e+01
1.508000000000000114e+02 7.553982599141829724e+01
1.510000000000000000e+02 7.964116096124658384e+01
1.511999999999999886e+02 7.374228367068209877e+01
1.514000000000000057e+02 7.784319484821207880e+01
1.515999999999999943e+02 7.394389521885182148e+01
1.518000000000000114e+02 7.404438550416594467e+01
1.520000000000000000e+02 7.614466642228936166e+01
1.521999999999999886e+02 7.424473868794817122e+01
1.524000000000000057e+02 7.134460301248029168e+01
1.525999999999999943e+02 7.244426010385598147e+01
1.528000000000000114e+02 7.554371066669841639e+01
1.530000000000000000e+02 7.464295540230361325e+01
1.531999999999999886e+02 7.474199500866092194e+01
1.534000000000000057e+02 7.184083018047266478e+01
1.535999999999999943e+02 7.093946160917394650e+01
1.538000000000000114e+02 7.303788998295252100e+01
1.540000000000000000e+02 7.513611598676811809e+01
1.541999999999999886e+02 7.323414030237188399e+01
1.544000000000000057e+02 7.233196360832556593e+01
1.545999999999999943e+02 6.842958658002061156e+01
1.548000000000000114e+02 7.152700988969726836e+01
1.550000000000000000e+02 7.362423420646297245e+01
1.551999999999999886e+02 6.972126019631159011e+01
1.554000000000000057e+02 7.181808852214149397e+01
1.555999999999999943e+02 6.991471984377412241e+01
1.558000000000000114e+02 6.901115481797239681e+01
1.560000000000000000e+02 7.110739409845857040e+01
1.561999999999999886e+02 7.020343833593247496e+01
1.564000000000000057e+02 6.829928817808931285e+01
1.565999999999999943e+02 6.939494426963730689e+01
1.568000000000000114e+02 6.749040725231549231e+01
1.570000000000000000e+02 7.258567776491116774e+01
1.571999999999999886e+02 6.868075644327709028e+01
1.574000000000000057e+02 6.577564392034898333e+01
1.575999999999999943e+02 6.587034082616244746e+01
1.578000000000000114e+02 6.996484778787004188e+01
1.580000000000000000e+02 6.905916542975822381e+01
1.581999999999999886e+02 6.915329437326397510e+01
1.584000000000000057e+02 6.524723523699148586e+01
1.585999999999999943e+02 6.734098863672872426e+01
1.588000000000000114e+02 6.443455518546380745e+01
1.590000000000000000e+02 6.852793549340120194e+01
1.591999999999999886e+02 6.662113016797809451e+01
1.594000000000000057e+02 6.471413981388022307e+01
1.595999999999999943e+02 6.480696503305790657e+01
1.598000000000000114e+02 6.789960642474198949e+01
1.600000000000000000e+02 6.399206458545933174e+01
1.601999999999999886e+02 6.708434010904866795e+01
1.604000000000000057e+02 6.517643358667584152e+01
1.605999999999999943e+02 6.226834560684937969e+01
1.608000000000000114e+02 6.836007675543581286e+01
1.610000000000000000e+02 6.445162761567456755e+01
1.611999999999999886e+02 6.454299876819339943e+01
1.614000000000000057e+02 6.363419079102311571e+01
1.615999999999999943e+02 6.072520425961243973e+01
1.618000000000000114e+02 6.381603974684290392e+01
1.620000000000000000e+02 6.690669782304340174e+01
1.621999999999999886e+02 6.299717905600468271e+01
1.624000000000000057e+02 6.208748401099398961e+01
1.625999999999999943e+02 6.217761325076918411e+01
1.628000000000000114e+02 6.226756733559318491e+01
1.630000000000000000e+02 6.535734682324797973e+01
1.631999999999999886e+02 6.144695226904877927e+01
1.634000000000000057e+02 6.053638422585791545e+01
1.635999999999999943e+02 6.062564324409865435e+01
1.638000000000000114e+02 6.371472987176915126e+01
1.640000000000000000e+02 6.180364465445583733e+01
1.641999999999999886e+02 6.089238813534728934e+01
1.644000000000000057e+02 6.098096085524747423e+01
1.645999999999999943e+02 6.006936335258929205e+01
1.648000000000000114e+02 6.115759616344780625e+01
1.650000000000000000e+02 6.024565982155345978e+01
1.651999999999999886e+02 5.933355485830520593e+01
1.654000000000000057e+02 5.942128180278353966e+01
1.655999999999999943e+02 5.950884118176342952e+01
1.658000000000000114e+02 6.059623351972713579e+01
1.660000000000000000e+02 6.168345933887708554e+01
1.661999999999999886e+02 5.877051915914840663e+01
1.664000000000000057e+02 5.785741349822163215e+01
1.665999999999999943e+02 5.794414287153512078e+01
1.668000000000000114e+02 6.103070779229759069e+01
1.670000000000000000e+02 6.111710877150029830e+01
1.671999999999999886e+02 5.820334631792951541e+01
1.674000000000000057e+02 5.528942093817845205e+01
1.675999999999999943e+02 5.737533313665954893e+01
1.678000000000000114e+02 6.346108341561638611e+01
1.680000000000000000e+02 5.954667227513563432e+01
1.681999999999999886e+02 5.663210021315889264e+01
1.684000000000000057e+02 5.571736772549454031e+01
1.685999999999999943e+02 4.180247530582926174e+01
1.688000000000000114e+02 5.888742344573985577e+01
1.690000000000000000e+02 5.897221263470463271e+01
1.691999999999999886e+02 5.705684336011491098e+01
1.694000000000000057e+02 5.714131610728645683e+01
1.695999999999999943e+02 5.622563135947068247e+01
1.698000000000000114e+02 5.930978959786598637e+01
1.700000000000000000e+02 5.639379130162885190e+01
1.701999999999999886e+02 5.747763694788494604e+01
1.704000000000000057e+02 5.456132701174013278e+01
1.705999999999999943e+02 5.664486196629141546e+01
1.708000000000000114e+02 5.772824228263777968e+01
1.710000000000000000e+02 5.581146842989105039e+01
1.711999999999999886e+02 5.889454087518649317e+01
1.714000000000000057e+02 4.997746008369367132e+01
1.715999999999999943e+02 5.606022651862674877e+01
1.718000000000000114e+02 5.414284064125529028e+01
1.720000000000000000e+02 5.822530291091450749e+01
1.721999999999999886e+02 5.730761378501573233e+01
1.724000000000000057e+02 5.338977371905669145e+01
1.725999999999999943e+02 5.247178316663173803e+01
1.728000000000000114e+02 5.355364257944206940e+01
1.730000000000000000e+02 5.763535240730580256e+01
1.731999999999999886e+02 5.271691309816800697e+01
1.734000000000000057e+02 5.279832509811075170e+01
1.735999999999999943e+02 5.387958885136289666e+01
1.738000000000000114e+02 5.496070480031008287e+01
1.740000000000000000e+02 5.304167338550435318e+01
1.741999999999999886e+02 5.512249504567408565e+01
1.744000000000000057e+02 5.020317021773344379e+01
1.745999999999999943e+02 5.528369933679209680e+01
1.748000000000000114e+02 5.436408283616474080e+01
1.750000000000000000e+02 5.344432114738050643e+01
1.751999999999999886e+02 5.052441470019246594e+01
1.754000000000000057e+02 5.360436392258694127e+01
1.755999999999999943e+02 4.968416924079272690e+01
1.758000000000000114e+02 5.476383107929046901e+01
1.760000000000000000e+02 5.084334986082170360e+01
1.761999999999999886e+02 5.192272600639805091e+01
1.764000000000000057e+02 5.200195993531028194e+01
1.765999999999999943e+02 4.908105206513721441e+01
1.768000000000000114e+02 5.316000281175477937e+01
1.770000000000000000e+02 5.323881258934481764e+01
1.771999999999999886e+02 5.231748181040394741e+01
1.774000000000000057e+02 4.839601088575240340e+01
1.775999999999999943e+02 4.947440022454256336e+01
1.778000000000000114e+02 5.155265023426781568e+01
1.780000000000000000e+02 5.263076132077101477e+01
1.781999999999999886e+02 4.870873388825317818e+01
1.784000000000000057e+02 5.078656833928184255e+01
1.785999999999999943e+02 4.886426507479959014e+01
1.788000000000000114e+02 5.394182449413241898e+01
1.790000000000000000e+02 4.901924699499807048e+01
1.791999999999999886e+02 4.909653297351435697e+01
1.794000000000000057e+02 4.617368282420736136e+01
1.795999999999999943e+02 4.825069694001962262e+01
1.798000000000000114e+02 5.032757571231827853e+01
1.800000000000000000e+02 4.840431953090310913e+01
1.801999999999999886e+02 4.848092878401465100e+01
1.804000000000000057e+02 4.555740385834211281e+01
1.805999999999999943e+02 4.863374513903127649e+01
1.808000000000000114e+02 4.670995300969246955e+01
1.810000000000000000e+02 4.878602785240830997e+01
1.811999999999999886e+02 4.786197004774156483e+01
1.814000000000000057e+02 4.693777997474283836e+01
1.815999999999999943e+02 4.701345801095824584e+01
1.818000000000000114e+02 4.608900453243711581e+01
1.820000000000000000e+02 -1.207355800862605122e+02
