# energy (eV)  EELS (a.u)
3.199999000000000038e+00 4.471263689240458916e+00
3.399999999999999911e+00 8.291216018034447188e+00
3.600000000000000089e+00 -2.134499961100391374e+01
3.799999000000000127e+00 1.019520301952979935e+01
4.000000000000000000e+00 8.398434895709669945e-01
4.199999000000000038e+00 -3.821320381045097747e+00
4.400000000000000355e+00 2.140590105169053459e+01
4.599999999999999645e+00 5.245814801065512256e+01
4.799998999999999683e+00 8.073988078051525008e+01
5.000000000000000000e+00 1.275828031878465936e+02
5.199999000000000038e+00 1.685464469027665473e+02
5.400000000000000355e+00 2.056326976569425824e+02
5.599999999999999645e+00 2.614234396723526288e+02
5.799998999999999683e+00 2.961869203796927650e+02
6.000000000000000000e+00 3.459509324822142844e+02
6.199999000000000038e+00 3.895543038289168862e+02
6.400000000000000355e+00 4.206910774411659304e+02
6.599999999999999645e+00 4.729372291019980139e+02
6.799998999999999683e+00 4.937762233315329468e+02
7.000000000000000000e+00 5.396166374239785455e+02
7.199999000000000038e+00 5.728044883648772156e+02
7.400000000000000355e+00 5.966366610805082473e+02
7.599999999999999645e+00 6.373673321557661211e+02
7.799998999999999683e+00 6.612164639780625066e+02
8.000000000000000000e+00 6.983752941527649227e+02
8.200001000000000317e+00 7.260100133041289610e+02
8.400002000000000635e+00 7.512663497350415582e+02
8.599997999999999365e+00 7.932719711407895602e+02
8.799998999999999683e+00 8.101408074718485750e+02
9.000000000000000000e+00 8.499724800675465985e+02
9.200001000000000317e+00 8.878559087884402743e+02
9.400002000000000635e+00 9.118703424870511753e+02
9.599997999999999365e+00 9.660863016111006800e+02
9.799998999999999683e+00 9.865679518621839179e+02
1.000000000000000000e+01 1.041372037643876865e+03
1.019999999999999929e+01 1.084549948719260328e+03
1.040000000000000036e+01 1.121148219905409405e+03
1.059999999999999964e+01 1.192208934349609535e+03
1.080000000000000071e+01 1.232770284206043470e+03
1.100000000000000000e+01 1.306867004419486875e+03
1.119999999999999929e+01 1.374530750235632922e+03
1.140000000000000036e+01 1.442790426723463270e+03
1.159999999999999964e+01 1.541672477235832730e+03
1.180000000000000071e+01 1.622201136620166608e+03
1.200000000000000000e+01 1.726398654073878106e+03
1.219999999999999929e+01 1.846285489781003207e+03
1.240000000000000036e+01 1.942880488837560733e+03
1.259999999999999964e+01 2.108201035449372284e+03
1.280000000000000071e+01 2.218263189948384024e+03
1.300000000000000000e+01 2.369081810806507292e+03
1.319999999999999929e+01 2.567670663517242247e+03
1.340000000000000036e+01 2.710042517954761934e+03
1.359999999999999964e+01 2.925209235599579188e+03
1.380000000000000071e+01 3.084181847832640415e+03
1.400000000000000000e+01 3.298970626340254057e+03
1.419999999999999929e+01 3.538585146536167031e+03
1.440000000000000036e+01 3.659034344790556133e+03
1.459999999999999964e+01 3.930326570155749323e+03
1.480000000000000071e+01 4.063469631192444922e+03
1.500000000000000000e+01 4.249470838426028422e+03
1.519999999999999929e+01 4.403337042898460822e+03
1.540000000000000036e+01 4.484074671225672319e+03
1.559999999999999964e+01 4.582689757522151012e+03
1.580000000000000071e+01 4.594187972512477245e+03
1.600000000000000000e+01 4.607574650112955169e+03
1.619999999999999929e+01 4.546854811734543546e+03
1.639999999999999858e+01 4.458033188530311236e+03
1.660000000000000142e+01 4.360114241786131061e+03
1.680000000000000071e+01 4.213102181631747044e+03
1.700000000000000000e+01 4.080000984230416634e+03
1.719999999999999929e+01 3.876814407588593895e+03
1.739999999999999858e+01 3.721546006112354917e+03
1.760000000000000142e+01 3.534199144024218185e+03
1.780000000000000071e+01 3.351777007742426122e+03
1.800000000000000000e+01 3.179282617314505842e+03
1.819999999999999929e+01 2.992718836987786290e+03
1.839999999999999858e+01 2.843088384991441671e+03
1.860000000000000142e+01 2.684393842597385174e+03
1.880000000000000071e+01 2.550637662520884987e+03
1.900000000000000000e+01 2.427822176715998467e+03
1.919999999999999929e+01 2.280949603615744763e+03
1.939999999999999858e+01 2.181022054862330606e+03
1.960000000000000142e+01 2.076041541568555658e+03
1.980000000000000071e+01 1.972009980147827036e+03
2.000000000000000000e+01 1.908929197746822638e+03
2.019999999999999929e+01 1.812800937311850930e+03
2.039999999999999858e+01 1.751626862317200903e+03
2.060000000000000142e+01 1.679408561181336609e+03
2.080000000000000071e+01 1.623147551394556785e+03
2.100000000000000000e+01 1.579845283379729835e+03
2.119999999999999929e+01 1.516503144105898627e+03
2.139999999999999858e+01 1.479122460472889770e+03
2.160000000000000142e+01 1.445704502483573378e+03
2.180000000000000071e+01 1.398250486219049208e+03
2.200000000000000000e+01 1.375761576630803347e+03
2.219999999999999929e+01 1.341238890162753478e+03
2.239999999999999858e+01 1.308683497215068655e+03
2.260000000000000142e+01 1.292096424460720527e+03
2.280000000000000071e+01 1.265478657024867289e+03
2.300000000000000000e+01 1.248831140536387693e+03
2.319999999999999929e+01 1.226154783060173713e+03
2.339999999999999858e+01 1.203450456918137661e+03
2.360000000000000142e+01 1.198719000406288615e+03
2.380000000000000071e+01 1.177961219414685957e+03
2.400000000000000000e+01 1.169177888956581455e+03
2.419999999999999929e+01 1.153369754612588622e+03
2.439999999999999858e+01 1.141537533895304705e+03
2.460000000000000142e+01 1.139681917539415053e+03
2.480000000000000071e+01 1.126803570721953974e+03
2.500000000000000000e+01 1.122903134217061961e+03
2.519999999999999929e+01 1.118981225489281087e+03
2.539999999999999858e+01 1.106038439729143192e+03
2.560000000000000142e+01 1.119075350834551045e+03
2.580000000000000071e+01 1.104092512341212569e+03
2.600000000000000000e+01 1.107090458305164248e+03
2.619999999999999929e+01 1.112069704140221575e+03
2.639999999999999858e+01 1.109030747412997698e+03
2.660000000000000142e+01 1.122974068597964333e+03
2.680000000000000071e+01 1.114900131794860044e+03
2.700000000000000000e+01 1.125809385410604591e+03
2.719999999999999929e+01 1.134702262807738862e+03
2.739999999999999858e+01 1.141579182921276015e+03
2.760000000000000142e+01 1.151440550845735288e+03
2.780000000000000071e+01 1.155286758394014896e+03
2.800000000000000000e+01 1.176118184629655161e+03
2.819999999999999929e+01 1.188935196373950475e+03
2.839999999999999858e+01 1.190738148689275704e+03
2.860000000000000142e+01 1.216527385339908278e+03
2.880000000000000071e+01 1.218303239231554699e+03
2.900000000000000000e+01 1.243066032830707627e+03
2.919999999999999929e+01 1.257816078564903592e+03
2.939999999999999858e+01 1.263553679204875607e+03
2.960000000000000142e+01 1.290279128229549315e+03
2.980000000000000071e+01 1.290992710174761669e+03
3.000000000000000000e+01 1.313694700966542769e+03
3.019999999999999929e+01 1.322385368239743229e+03
3.039999999999999858e+01 1.329064971642749015e+03
3.060000000000000142e+01 1.352733763128984720e+03
3.080000000000000071e+01 1.344391987235860142e+03
3.100000000000000000e+01 1.359039881351787699e+03
3.119999999999999929e+01 1.365677675971851386e+03
3.139999999999999858e+01 1.359305594942688231e+03
3.160000000000000142e+01 1.376923855697101772e+03
3.180000000000000071e+01 1.367532669478904381e+03
3.200000000000000000e+01 1.371132241558458418e+03
3.220000000000000284e+01 1.371722771439354801e+03
3.239999999999999858e+01 1.364304453056652164e+03
3.260000000000000142e+01 1.369877474967072430e+03
3.279999999999999716e+01 1.350442020531526623e+03
3.300000000000000000e+01 1.351998268090329020e+03
3.320000000000000284e+01 1.337546391131435485e+03
3.339999999999999858e+01 1.331086558452025656e+03
3.360000000000000142e+01 1.323618934313733916e+03
3.379999999999999716e+01 1.299143678591812886e+03
3.400000000000000000e+01 1.293660946918507079e+03
3.420000000000000284e+01 1.280170890820890691e+03
3.439999999999999858e+01 1.252673657853419854e+03
3.460000000000000142e+01 1.250169391725429250e+03
3.479999999999999716e+01 1.218658232423798154e+03
3.500000000000000000e+01 1.205140316330992846e+03
3.520000000000000284e+01 1.183615776338691376e+03
3.539999999999999858e+01 1.159084741957174174e+03
3.560000000000000142e+01 1.151547339420669687e+03
3.579999999999999716e+01 1.119003691788821470e+03
3.600000000000000000e+01 1.097453919044442955e+03
3.620000000000000284e+01 1.082898138187718359e+03
3.639999999999999858e+01 1.054336463326994590e+03
3.660000000000000142e+01 1.040769005766311466e+03
3.679999999999999716e+01 1.009195874089798281e+03
3.700000000000000000e+01 1.002617174243073123e+03
3.720000000000000284e+01 9.740330096117628500e+02
3.739999999999999858e+01 9.544434810972621790e+02
3.760000000000000142e+01 9.438486871898446680e+02
3.779999999999999716e+01 9.182487240392309786e+02
3.800000000000000000e+01 9.096436855227171918e+02
3.820000000000000284e+01 8.890336633109596960e+02
3.839999999999999858e+01 8.694187469315097587e+02
3.860000000000000142e+01 8.597990238301870249e+02
3.879999999999999716e+01 8.431745794303753883e+02
3.900000000000000000e+01 8.305454971903236583e+02
3.920000000000000284e+01 8.179118586585266257e+02
3.939999999999999858e+01 8.042737435272633775e+02
3.960000000000000142e+01 8.006312296843601644e+02
3.979999999999999716e+01 7.839843932632481938e+02
4.000000000000000000e+01 7.753333086913801253e+02
4.020000000000000284e+01 7.726780487370667743e+02
4.039999999999999858e+01 7.570186845547952998e+02
4.060000000000000142e+01 7.603552857290823113e+02
4.079999999999999716e+01 7.466879203169205539e+02
4.100000000000000000e+01 7.400166548888676061e+02
4.120000000000000284e+01 7.373415545688286556e+02
4.139999999999999858e+01 7.366626830725805348e+02
4.160000000000000142e+01 7.339801027450836273e+02
4.179999999999999716e+01 7.222938745966237093e+02
4.200000000000000000e+01 7.286040583378288602e+02
4.220000000000000284e+01 7.219107124135986169e+02
4.239999999999999858e+01 7.182138940359878916e+02
4.260000000000000142e+01 7.205136592160787359e+02
4.279999999999999716e+01 7.138100627948795136e+02
4.300000000000000000e+01 7.151031584732838837e+02
4.320000000000000284e+01 7.163929988411216527e+02
4.339999999999999858e+01 7.046796354053362847e+02
4.360000000000000142e+01 7.159631186173157857e+02
4.379999999999999716e+01 7.062434978994089079e+02
4.400000000000000000e+01 7.095208216706533904e+02
4.420000000000000284e+01 7.137951373717434080e+02
4.439999999999999858e+01 7.020664914892628303e+02
4.460000000000000142e+01 7.113349295792081648e+02
4.479999999999999716e+01 7.026004962898258555e+02
4.500000000000000000e+01 7.048632353837865594e+02
4.520000000000000284e+01 7.101231897597195939e+02
4.539999999999999858e+01 7.033804014731271081e+02
4.560000000000000142e+01 7.076349117567001485e+02
4.579999999999999716e+01 7.018867610400560579e+02
4.600000000000000000e+01 7.091359889689148304e+02
4.620000000000000284e+01 7.113826344237348849e+02
4.639999999999999858e+01 7.016267355378248567e+02
4.660000000000000142e+01 7.148683297149472082e+02
4.679999999999999716e+01 7.031074536464328730e+02
4.700000000000000000e+01 7.123441433278197792e+02
4.720000000000000284e+01 7.105784340750324191e+02
4.739999999999999858e+01 7.078103605401158802e+02
4.760000000000000142e+01 7.140399567265393443e+02
4.779999999999999716e+01 7.072672560040822418e+02
4.800000000000000000e+01 7.134922911233162495e+02
4.820000000000000284e+01 7.147150942296955236e+02
4.839999999999999858e+01 7.079356968772679011e+02
4.860000000000000142e+01 7.171541300420185507e+02
4.879999999999999716e+01 7.073704241348572168e+02
4.900000000000000000e+01 7.115846090142607636e+02
4.920000000000000284e+01 7.117967139985803442e+02
4.939999999999999858e+01 7.080067678780249025e+02
4.960000000000000142e+01 7.142147989263298768e+02
4.979999999999999716e+01 7.034208349121205401e+02
5.000000000000000000e+01 7.096249031099800959e+02
5.020000000000000284e+01 7.048270303112304873e+02
5.039999999999999858e+01 7.020272428344347873e+02
5.060000000000000142e+01 7.082255665356300369e+02
5.079999999999999716e+01 6.974220268182972404e+02
5.100000000000000000e+01 6.946166486430777240e+02
5.120000000000000284e+01 7.008094565372423403e+02
5.139999999999999858e+01 6.910004746039212478e+02
5.160000000000000142e+01 7.001897265311008596e+02
5.179999999999999716e+01 6.853772356003951245e+02
5.200000000000000000e+01 6.865630246955972780e+02
5.220000000000000284e+01 6.887471163110195675e+02
5.239999999999999858e+01 6.789295325596242492e+02
5.260000000000000142e+01 6.851102951809558590e+02
5.279999999999999716e+01 6.712894255488762383e+02
5.300000000000000000e+01 6.754669446791118617e+02
5.320000000000000284e+01 6.746428732366148324e+02
5.339999999999999858e+01 6.648172315427465264e+02
5.360000000000000142e+01 6.719900395822863857e+02
5.379999999999999716e+01 6.611613170102709773e+02
5.400000000000000000e+01 6.603310831586700260e+02
5.420000000000000284e+01 6.644993570429007832e+02
5.439999999999999858e+01 6.516661573681882373e+02
5.460000000000000142e+01 6.618315025357735522e+02
5.479999999999999716e+01 6.489954106489753940e+02
5.500000000000000000e+01 6.531578995191081276e+02
5.520000000000000284e+01 6.463189866712612002e+02
5.539999999999999858e+01 6.464786893499431244e+02
5.560000000000000142e+01 6.486370245245932438e+02
5.579999999999999716e+01 6.327940088949656001e+02
5.600000000000000000e+01 6.429496588963885415e+02
5.620000000000000284e+01 6.421039907049021167e+02
5.639999999999999858e+01 6.352570202422775765e+02
5.660000000000000142e+01 6.394087631809227332e+02
5.679999999999999716e+01 6.325592349486734065e+02
5.700000000000000000e+01 6.357084507334778891e+02
5.720000000000000284e+01 6.368564254879739792e+02
5.739999999999999858e+01 6.260031739339628984e+02
5.760000000000000142e+01 6.421487105667827109e+02
5.779999999999999716e+01 6.262930496595835166e+02
5.800000000000000000e+01 6.304362052675072619e+02
5.820000000000000284e+01 6.365781912317736442e+02
5.839999999999999858e+01 6.297190211836770004e+02
5.860000000000000142e+01 6.378587085484931549e+02
5.879999999999999716e+01 6.309972665493007753e+02
5.900000000000000000e+01 6.341347082107193955e+02
5.920000000000000284e+01 6.392710463625646753e+02
5.939999999999999858e+01 6.344062936434245330e+02
5.960000000000000142e+01 6.355404625041572899e+02
5.979999999999999716e+01 6.386735652113145534e+02
6.000000000000000000e+01 6.398056138504890669e+02
6.020000000000000284e+01 6.419366203295920741e+02
6.039999999999999858e+01 6.380665963820592879e+02
6.060000000000000142e+01 6.491955535699886468e+02
6.079999999999999716e+01 6.433235032872115653e+02
6.100000000000000000e+01 6.484504567622985860e+02
6.120000000000000284e+01 6.455764250615014817e+02
6.139999999999999858e+01 6.487014190916340795e+02
6.160000000000000142e+01 6.558254496028912399e+02
6.179999999999999716e+01 6.489485271916100828e+02
6.200000000000000000e+01 6.580706623029726643e+02
6.220000000000000284e+01 6.581918652336530613e+02
6.239999999999999858e+01 6.523121461344089766e+02
6.260000000000000142e+01 6.634315150126205936e+02
6.279999999999999716e+01 6.565499817347762246e+02
6.300000000000000000e+01 6.626675560289073701e+02
6.320000000000000284e+01 6.677842474869742091e+02
6.339999999999999858e+01 6.579000655672017501e+02
6.360000000000000142e+01 6.720150195963692568e+02
6.379999999999999716e+01 6.601291187720523794e+02
6.400000000000000000e+01 6.692423721648208357e+02
6.420000000000000284e+01 6.703547887203915252e+02
6.439999000000000251e+01 6.664663717028647625e+02
6.460000999999999749e+01 6.755771520092796436e+02
6.479999999999999716e+01 6.666871049923016699e+02
6.500000000000000000e+01 6.707962612321534834e+02
6.520000000000000284e+01 6.779046235629833745e+02
6.539999000000000251e+01 6.700121948649242540e+02
6.560000999999999749e+01 6.771190046651349803e+02
6.579999999999999716e+01 6.732250289430990051e+02
6.600000000000000000e+01 6.783302969322106719e+02
6.620000000000000284e+01 6.804348111183907122e+02
6.639999000000000251e+01 6.705385740345165004e+02
6.660000999999999749e+01 6.836416139240069469e+02
6.679999999999999716e+01 6.787439073779797809e+02
6.700000000000000000e+01 6.808454823670933820e+02
6.720000000000000284e+01 6.849463410623329764e+02
6.739999000000000251e+01 6.790464856822928823e+02
6.760000999999999749e+01 6.871459432658879223e+02
6.779999999999999716e+01 6.812446910003845915e+02
6.800000000000000000e+01 6.843427556711056923e+02
6.820000000000000284e+01 6.874401391640245720e+02
6.839999000000000251e+01 6.815368434131039521e+02
6.860000999999999749e+01 6.856328943257506126e+02
6.879999999999999716e+01 6.847282696697341180e+02
6.900000000000000000e+01 6.798229951163891656e+02
6.920000000000000284e+01 6.889170722936054290e+02
6.939999000000000251e+01 6.790105028774136144e+02
6.960000999999999749e+01 6.861033117110590638e+02
6.979999999999999716e+01 6.791954771271224445e+02
7.000000000000000000e+01 6.812870237488141356e+02
7.020000000000000284e+01 6.823779529702032960e+02
7.039999000000000251e+01 6.754682662334574843e+02
7.060000999999999749e+01 6.805579873798826611e+02
7.079999999999999716e+01 6.746470952912295616e+02
7.100000000000000000e+01 6.757356136034698011e+02
7.120000000000000284e+01 6.768235434987381041e+02
7.139999000000000251e+01 6.719108862070623900e+02
7.160000999999999749e+01 6.749976646253763874e+02
7.179999999999999716e+01 6.680838581690854880e+02
7.200000000000000000e+01 6.741694895432838166e+02
7.220000000000000284e+01 6.742545597379361197e+02
7.239999000000000251e+01 6.683390697905576872e+02
7.260000999999999749e+01 6.744230417070409658e+02
7.279999999999999716e+01 6.665064554211209042e+02
7.300000000000000000e+01 6.685893327592544892e+02
7.320000000000000284e+01 6.746716745371029447e+02
7.339999000000000251e+01 6.627534816174216985e+02
7.360000999999999749e+01 6.738347751645334256e+02
7.379999999999999716e+01 6.679155356154142282e+02
7.400000000000000000e+01 6.699957839663687764e+02
7.420000000000000284e+01 6.770755208749219491e+02
7.439999000000000251e+01 6.671547470451422441e+02
7.460000999999999749e+01 6.782334828457302365e+02
7.479999999999999716e+01 6.683117092020939936e+02
7.500000000000000000e+01 6.773894463254381435e+02
7.520000000000000284e+01 6.734666947297955630e+02
7.539999000000000251e+01 6.715434549751145141e+02
7.560000999999999749e+01 6.846197466772010785e+02
7.579999999999999716e+01 6.736955512353931681e+02
7.600000000000000000e+01 6.827708881177103422e+02
7.620000000000000284e+01 6.818457577079705061e+02
7.639999000000000251e+01 6.779201604352148252e+02
7.660000999999999749e+01 6.899941152021343669e+02
7.679999999999999716e+01 6.810676038678274153e+02
7.700000000000000000e+01 6.871406451961684070e+02
7.720000000000000284e+01 6.922132394528080113e+02
7.739999000000000251e+01 6.802853869478773277e+02
7.760000999999999749e+01 6.973571059080298937e+02
7.779999999999999716e+01 6.874283786383024335e+02
7.800000000000000000e+01 6.934992232348292873e+02
7.820000000000000284e+01 6.975696398560353373e+02
7.839999000000000251e+01 6.946396287040429343e+02
7.860000999999999749e+01 7.017092073640656054e+02
7.879999999999999716e+01 6.957783585736174246e+02
7.900000000000000000e+01 6.968470997950764740e+02
7.920000000000000284e+01 7.049154310895867184e+02
7.939999000000000251e+01 6.929833525611762752e+02
7.960000999999999749e+01 7.060508811859363050e+02
7.979999999999999716e+01 7.001180001207659416e+02
8.000000000000000000e+01 7.021847262260442903e+02
8.020000000000000284e+01 7.072510594746811421e+02
8.039999000000000251e+01 6.993169998816331372e+02
8.060000999999999749e+01 7.103825638440901002e+02
8.079999999999999716e+01 7.034477349256155776e+02
8.100000000000000000e+01 7.025125294142983421e+02
8.120000000000000284e+01 7.135769472030489169e+02
8.139999000000000251e+01 6.976409882259704318e+02
8.160000999999999749e+01 7.087046683296395031e+02
8.179999999999999716e+01 7.027679714719378126e+02
8.200000000000000000e+01 7.078309133964828561e+02
8.220000000000000284e+01 7.118934939236871742e+02
8.239999000000000251e+01 6.969557129142912117e+02
8.260000999999999749e+01 7.110175856907632124e+02
8.279999999999999716e+01 7.000790965933297230e+02
8.300000000000000000e+01 7.041402608472126303e+02
8.320000000000000284e+01 7.042010782071638459e+02
8.339999000000000251e+01 6.992615484673930268e+02
8.360000999999999749e+01 7.083216864511189215e+02
8.379999999999999716e+01 7.023814768693090400e+02
8.400000000000000000e+01 6.964409344532544992e+02
8.420000000000000284e+01 7.045000588982831005e+02
8.439999000000000251e+01 6.935588499383079579e+02
8.460000999999999749e+01 7.026173219206355043e+02
8.479999999999999716e+01 6.956754599157354733e+02
8.500000000000000000e+01 6.947332781839427298e+02
8.520000000000000284e+01 6.977907763668524694e+02
8.539999000000000251e+01 6.908479541437748139e+02
8.560000999999999749e+01 6.929048254080307743e+02
8.579999999999999716e+01 6.949613755787139553e+02
8.600000000000000000e+01 6.880176184667972166e+02
8.620000000000000284e+01 6.900735536653401141e+02
8.639999000000000251e+01 6.861291808042515186e+02
8.660000999999999749e+01 6.901845133434891295e+02
8.679999999999999716e+01 6.812395370402438175e+02
8.700000000000000000e+01 6.862942652764417062e+02
8.720000000000000284e+01 6.853486976013547292e+02
8.739999000000000251e+01 6.764028336002456854e+02
8.760000999999999749e+01 6.854566863191192851e+02
8.779999999999999716e+01 6.775102418430825537e+02
8.800000000000000000e+01 6.735635131441432577e+02
8.820000000000000284e+01 6.846164997321251349e+02
8.839999000000000251e+01 6.696692011519936614e+02
8.860000999999999749e+01 6.777216300540869725e+02
8.879999999999999716e+01 6.667737728415836500e+02
8.900000000000000000e+01 6.748256420945981517e+02
8.920000000000000284e+01 6.748772372874744860e+02
8.939999000000000251e+01 6.669285579288603003e+02
8.960000999999999749e+01 6.719796162906675363e+02
8.979999999999999716e+01 6.690303990846300621e+02
9.000000000000000000e+01 6.650809185159689605e+02
9.020000000000000284e+01 6.671311740271785311e+02
9.039999000000000251e+01 6.651811650942312326e+02
9.060000999999999749e+01 6.652309036268810587e+02
9.079999999999999716e+01 6.662803766362195574e+02
9.100000000000000000e+01 6.593295959686200831e+02
9.120000000000000284e+01 6.703785610380493836e+02
9.139999000000000251e+01 6.594272712911403005e+02
9.160000999999999749e+01 6.664757382908509271e+02
9.179999999999999716e+01 6.575239493387434777e+02
9.200000000000000000e+01 6.645719159374999663e+02
9.220000000000000284e+01 6.646196374756002569e+02
9.239999000000000251e+01 6.506671133733933630e+02
9.260000999999999749e+01 6.677143548615594000e+02
9.279999999999999716e+01 6.587613495235447090e+02
9.300000000000000000e+01 6.558081085326672337e+02
9.320000000000000284e+01 6.648546312547044863e+02
9.339999000000000251e+01 6.529009170865213036e+02
9.360000999999999749e+01 6.619469769402503516e+02
9.379999999999999716e+01 6.559927986729268241e+02
9.400000000000000000e+01 6.540383931420576573e+02
9.420000000000000284e+01 6.600837596932685756e+02
9.439999000000000251e+01 6.491288977025068334e+02
9.460000999999999749e+01 6.631738177763519388e+02
9.479999999999999716e+01 6.502185080374144945e+02
9.500000000000000000e+01 6.512629790402214667e+02
9.520000000000000284e+01 6.553072301125827153e+02
9.539999000000000251e+01 6.453512606118810027e+02
9.560000999999999749e+01 6.543950808514495066e+02
9.579999999999999716e+01 6.464386792117339837e+02
9.600000000000000000e+01 6.434820659564355765e+02
9.620000000000000284e+01 6.495252403976896858e+02
9.639999000000000251e+01 6.415682018764713348e+02
9.660000999999999749e+01 6.446109604245318678e+02
9.679999999999999716e+01 6.386535046726746714e+02
9.700000000000000000e+01 6.386958446052980207e+02
9.720000000000000284e+01 6.437379795208239557e+02
9.739999000000000251e+01 6.277799087457985934e+02
9.760000999999999749e+01 6.378216420414530603e+02
9.779999999999999716e+01 6.318631682817265300e+02
9.800000000000000000e+01 6.229044971826439223e+02
9.820000000000000284e+01 6.329456280307119869e+02
9.839999000000000251e+01 6.209865601398626040e+02
9.860000999999999749e+01 6.240273030113042978e+02
9.879999999999999716e+01 6.230678457551354086e+02
9.900000000000000000e+01 6.151081978293826751e+02
9.920000000000000284e+01 6.201483585102851066e+02
9.939999000000000251e+01 6.091883271008249494e+02
9.960000999999999749e+01 6.162281128521568689e+02
9.979999999999999716e+01 6.072677051037991305e+02
1.000000000000000000e+02 6.023071130656344394e+02
1.002000000000000028e+02 6.113463360051441668e+02
1.004000000000000057e+02 5.973853751632717604e+02
1.005999999999999943e+02 6.074242317701513230e+02
1.007999999999999972e+02 5.924629070452228916e+02
1.010000000000000000e+02 5.955014021973470335e+02
1.012000000000000028e+02 6.005397184249172824e+02
1.014000000000000057e+02 5.825778569159720064e+02
1.015999999999999943e+02 5.926158188483038884e+02
1.017999999999999972e+02 5.856536053895689520e+02
1.020000000000000000e+02 5.836912176973933128e+02
1.022000000000000028e+02 5.877286569194798176e+02
1.024000000000000057e+02 5.767659241937118395e+02
1.025999999999999943e+02 5.768030206482569611e+02
1.027999999999999972e+02 5.738399474016687236e+02
1.030000000000000000e+02 5.738767055629876950e+02
1.032000000000000028e+02 5.739132962318402633e+02
1.034000000000000057e+02 5.649497204985377721e+02
1.035999999999999943e+02 5.749859794441726990e+02
1.037999999999999972e+02 5.600220741407148353e+02
1.040000000000000000e+02 5.590580056511058729e+02
1.042000000000000028e+02 5.700937750293527415e+02
1.044000000000000057e+02 5.501293833206202635e+02
1.045999999999999943e+02 5.621648315613218756e+02
1.047999999999999972e+02 5.552001207792100104e+02
1.050000000000000000e+02 5.502352519934651127e+02
1.052000000000000028e+02 5.562702262147831789e+02
1.054000000000000057e+02 5.423050444454629542e+02
1.055999999999999943e+02 5.503397076794911982e+02
1.057999999999999972e+02 5.483742169026282909e+02
1.060000000000000000e+02 5.384085730924909967e+02
1.062000000000000028e+02 5.474427772186354559e+02
1.064000000000000057e+02 5.314768302426393802e+02
1.065999999999999943e+02 5.445107331181819745e+02
1.067999999999999972e+02 5.335444867911243136e+02
1.070000000000000000e+02 5.325780921995875588e+02
1.072000000000000028e+02 5.356115502740316288e+02
1.074000000000000057e+02 5.306448619373310294e+02
1.075999999999999943e+02 5.276780281048518191e+02
1.077999999999999972e+02 5.277110496845264151e+02
1.080000000000000000e+02 5.237439275769273763e+02
1.082000000000000028e+02 5.267766626753414130e+02
1.084000000000000057e+02 5.158092558658414646e+02
1.085999999999999943e+02 5.248417080273580950e+02
1.087999999999999972e+02 5.198740200317510016e+02
1.090000000000000000e+02 5.139061927438780231e+02
1.092000000000000028e+02 5.189382270216651705e+02
1.094000000000000057e+02 5.099701237161741005e+02
1.095999999999999943e+02 5.150018836716702708e+02
1.097999999999999972e+02 5.110335077256892191e+02
1.100000000000000000e+02 5.030649967091028429e+02
1.102000000000000028e+02 5.140963514461843715e+02
1.104000000000000057e+02 5.001275727546729399e+02
1.105999999999999943e+02 5.051586614458369127e+02
1.107999999999999972e+02 5.001896183245372640e+02
1.110000000000000000e+02 4.982204441892897080e+02
1.112000000000000028e+02 5.042511398323259186e+02
1.114000000000000057e+02 4.912817060396545799e+02
1.115999999999999943e+02 4.993121435911214121e+02
1.117999999999999972e+02 4.913424532604685737e+02
1.120000000000000000e+02 4.863726358153933234e+02
1.122000000000000028e+02 4.954026920176062276e+02
1.124000000000000057e+02 4.824326226228884025e+02
1.125999999999999943e+02 4.894624283811483565e+02
1.127999999999999972e+02 4.814921100364780386e+02
1.130000000000000000e+02 4.835216683272083742e+02
1.132000000000000028e+02 4.855511039859640050e+02
1.134000000000000057e+02 4.715804177397174612e+02
1.135999999999999943e+02 4.816096103098429921e+02
1.137999999999999972e+02 4.736386824121693735e+02
1.140000000000000000e+02 4.706676347570324310e+02
1.142000000000000028e+02 4.776964680493266542e+02
1.144000000000000057e+02 4.657251829885567531e+02
1.145999999999999943e+02 4.687537802688881357e+02
1.147999999999999972e+02 4.647822605791969295e+02
1.150000000000000000e+02 4.638106246031197770e+02
1.152000000000000028e+02 4.678388730191026070e+02
1.154000000000000057e+02 4.538670065004491789e+02
1.155999999999999943e+02 4.608950257153690586e+02
1.157999999999999972e+02 4.559229313270248554e+02
1.160000000000000000e+02 4.549507239935792313e+02
1.162000000000000028e+02 4.559784043682411721e+02
1.164000000000000057e+02 4.490059730993118023e+02
1.165999999999999943e+02 4.510334308302298041e+02
1.167999999999999972e+02 4.510607781996162657e+02
1.170000000000000000e+02 4.430880158413188497e+02
1.172000000000000028e+02 4.481151443844559026e+02
1.174000000000000057e+02 4.381421644534595998e+02
1.175999999999999943e+02 4.411690766681190894e+02
1.177999999999999972e+02 4.401958816436228403e+02
1.180000000000000000e+02 4.382225799906005363e+02
1.182000000000000028e+02 4.402491723151647420e+02
1.184000000000000057e+02 4.302756592189519438e+02
1.185999999999999943e+02 4.353020412991631360e+02
1.187999999999999972e+02 4.303283191486042369e+02
1.190000000000000000e+02 4.273544933557254240e+02
1.192000000000000028e+02 4.303805645046610380e+02
1.194000000000000057e+02 4.224065331752681232e+02
1.195999999999999943e+02 4.304323999431649099e+02
1.197999999999999972e+02 4.174581653797691274e+02
1.200000000000000000e+02 4.214838300523357475e+02
1.202000000000000028e+02 4.225093945239938762e+02
1.204000000000000057e+02 4.145348593537839861e+02
1.205999999999999943e+02 4.215602250966944098e+02
1.207999999999999972e+02 4.125854923036972650e+02
1.210000000000000000e+02 4.156106615217843796e+02
1.212000000000000028e+02 4.136357332940024776e+02
1.214000000000000057e+02 4.056607081594883084e+02
1.215999999999999943e+02 4.136855866535031510e+02
1.217999999999999972e+02 4.057103693074670900e+02
1.220000000000000000e+02 4.047350566489930657e+02
1.222000000000000028e+02 4.077596492019201833e+02
1.224000000000000057e+02 4.007841474863469671e+02
1.225999999999999943e+02 4.038085520186642725e+02
1.227999999999999972e+02 3.968328633115878006e+02
1.230000000000000000e+02 3.978570818741901007e+02
1.232000000000000028e+02 4.028812082119325169e+02
1.234000000000000057e+02 3.889052428266967354e+02
1.235999999999999943e+02 3.999291862168158218e+02
1.237999999999999972e+02 3.939530388771052571e+02
1.240000000000000000e+02 3.849768012988931787e+02
1.242000000000000028e+02 3.970004739700509049e+02
1.244000000000000057e+02 3.840240573750226076e+02
1.245999999999999943e+02 3.930475519948552119e+02
1.247999999999999972e+02 3.870709583072272153e+02
1.250000000000000000e+02 3.820942767864781899e+02
1.252000000000000028e+02 3.871175079036370903e+02
1.254000000000000057e+02 3.811406521264510729e+02
1.255999999999999943e+02 3.821637099194130656e+02
1.257999999999999972e+02 3.801866817437901318e+02
1.260000000000000000e+02 3.732095680576507561e+02
1.262000000000000028e+02 3.862323693158920719e+02
1.264000000000000057e+02 3.692550859702670891e+02
1.265999999999999943e+02 3.802777184694110701e+02
1.267999999999999972e+02 3.733002672588684732e+02
1.270000000000000000e+02 3.693227327811185887e+02
1.272000000000000028e+02 3.773451154756018013e+02
1.274000000000000057e+02 3.623674157787453396e+02
1.275999999999999943e+02 3.733896341239883441e+02
1.277999999999999972e+02 3.674117709418072764e+02
1.280000000000000000e+02 3.614338266597407028e+02
1.281999999999999886e+02 3.704558017024141350e+02
1.284000000000000057e+02 3.584776964915641315e+02
1.285999999999999943e+02 3.674995114460627406e+02
1.288000000000000114e+02 3.595212469819412604e+02
1.290000000000000000e+02 3.565429035124140569e+02
1.291999999999999886e+02 3.655644814479018692e+02
1.294000000000000057e+02 3.525859811960551156e+02
1.295999999999999943e+02 3.586074031617769151e+02
1.298000000000000114e+02 3.556287477472459386e+02
1.300000000000000000e+02 3.546500153519385776e+02
1.301999999999999886e+02 3.556712063726517385e+02
1.304000000000000057e+02 3.446923212035246706e+02
1.305999999999999943e+02 3.557133602360609075e+02
1.308000000000000114e+02 3.537343238591500381e+02
1.310000000000000000e+02 3.447552124590889093e+02
1.311999999999999886e+02 3.517760264196032267e+02
1.314000000000000057e+02 3.397967661218683588e+02
1.315999999999999943e+02 3.488174319445301990e+02
1.318000000000000114e+02 3.448380242637259698e+02
1.320000000000000000e+02 3.408585434531045166e+02
1.321999999999999886e+02 3.478789898838464865e+02
1.324000000000000057e+02 3.348993639246845646e+02
1.325999999999999943e+02 3.429196659419232560e+02
1.328000000000000114e+02 3.409398962994585531e+02
1.330000000000000000e+02 3.329600553587972058e+02
1.331999999999999886e+02 3.439801434790763892e+02
1.334000000000000057e+02 3.320001610170825188e+02
1.335999999999999943e+02 3.360201083272703499e+02
1.338000000000000114e+02 3.330399857617815087e+02
1.340000000000000000e+02 3.310597936704632502e+02
1.341999999999999886e+02 3.380795324008867055e+02
1.344000000000000057e+02 3.270992022983652419e+02
1.345999999999999943e+02 3.311188037059723683e+02
1.348000000000000114e+02 3.291383369645595849e+02
1.350000000000000000e+02 3.271578024127742879e+02
1.351999999999999886e+02 3.291772003870769367e+02
1.354000000000000057e+02 3.241965312217588462e+02
1.355999999999999943e+02 3.262157952489590116e+02
1.358000000000000114e+02 3.252349927986813896e+02
1.360000000000000000e+02 3.192541241988117235e+02
1.361999999999999886e+02 3.262731897751341421e+02
1.364000000000000057e+02 3.202921898513478709e+02
1.365999999999999943e+02 3.213111247490836035e+02
1.368000000000000114e+02 3.183299947879197589e+02
1.370000000000000000e+02 3.163488002853985108e+02
1.371999999999999886e+02 3.223675415570417613e+02
1.374000000000000057e+02 3.103862189163671701e+02
1.375999999999999943e+02 3.214048326749035027e+02
1.378000000000000114e+02 3.144233831422062053e+02
1.380000000000000000e+02 3.144418706258729799e+02
1.381999999999999886e+02 3.194602954315587908e+02
1.384000000000000057e+02 3.044786578629910991e+02
1.385999999999999943e+02 3.144969582219846984e+02
1.388000000000000114e+02 3.105151968084566079e+02
1.390000000000000000e+02 3.065333739204407948e+02
1.391999999999999886e+02 3.155514898541023854e+02
1.394000000000000057e+02 3.025695449037526714e+02
1.395999999999999943e+02 3.135875393618628095e+02
1.398000000000000114e+02 3.056054735190782594e+02
1.400000000000000000e+02 3.006233476642327105e+02
1.401999999999999886e+02 3.106411620843620653e+02
1.404000000000000057e+02 3.006589170647181390e+02
1.405999999999999943e+02 3.046766128887823015e+02
1.408000000000000114e+02 3.066942498382788358e+02
1.410000000000000000e+02 2.947118281931886372e+02
1.411999999999999886e+02 3.087293482317622875e+02
1.414000000000000057e+02 2.957468102305332422e+02
1.415999999999999943e+02 3.027642144643309052e+02
1.418000000000000114e+02 3.017815612062934179e+02
1.420000000000000000e+02 2.927988507278805628e+02
1.421999999999999886e+02 2.988160832988864399e+02
1.424000000000000057e+02 2.958332591874520858e+02
1.425999999999999943e+02 2.998503786600778085e+02
1.428000000000000114e+02 2.968674419816355794e+02
1.430000000000000000e+02 2.948844494153813116e+02
1.431999999999999886e+02 2.949014012229670243e+02
1.434000000000000057e+02 2.899182976644526093e+02
1.435999999999999943e+02 2.949351389983181093e+02
1.438000000000000114e+02 2.899519254814752571e+02
1.440000000000000000e+02 2.919686573692793559e+02
1.441999999999999886e+02 2.909853349155407045e+02
1.444000000000000057e+02 2.850019583725361372e+02
1.445999999999999943e+02 2.920185279910206191e+02
1.448000000000000114e+02 2.920350440202381606e+02
1.450000000000000000e+02 2.840515067079334131e+02
1.451999999999999886e+02 2.880679163003624694e+02
1.454000000000000057e+02 2.850842730423040052e+02
1.455999999999999943e+02 2.861005771770701358e+02
1.458000000000000114e+02 2.871168289465173302e+02
1.460000000000000000e+02 2.811330285910568136e+02
1.461999999999999886e+02 2.871491763496656517e+02
1.464000000000000057e+02 2.801652724598968689e+02
1.465999999999999943e+02 2.851813171578900210e+02
1.468000000000000114e+02 2.841973106783815979e+02
1.470000000000000000e+02 2.752132532547153119e+02
1.471999999999999886e+02 2.872291451188521023e+02
1.474000000000000057e+02 2.742449865013802537e+02
1.475999999999999943e+02 2.812607776315255705e+02
1.478000000000000114e+02 2.812765187371609272e+02
1.480000000000000000e+02 2.752922100448165565e+02
1.481999999999999886e+02 2.803078517796893152e+02
1.484000000000000057e+02 2.753234441656526315e+02
1.485999999999999943e+02 2.773389874252659411e+02
1.488000000000000114e+02 2.763544817797842938e+02
1.490000000000000000e+02 2.723699274491675624e+02
1.491999999999999886e+02 2.783853246520899347e+02
1.494000000000000057e+02 2.694006736059491232e+02
1.495999999999999943e+02 2.744159745268755728e+02
1.498000000000000114e+02 2.754312276297412723e+02
1.500000000000000000e+02 2.704464331281691898e+02
1.501999999999999886e+02 2.764615912345419133e+02
1.504000000000000057e+02 2.684767021600105181e+02
1.505999999999999943e+02 2.714917661145035481e+02
1.508000000000000114e+02 2.725067833067354854e+02
1.510000000000000000e+02 2.655217539442155612e+02
1.511999999999999886e+02 2.725366782332561684e+02
1.514000000000000057e+02 2.655515563789815587e+02
1.515999999999999943e+02 2.715663885853359147e+02
1.518000000000000114e+02 2.665811750550922170e+02
1.520000000000000000e+02 2.645959159898599182e+02
1.521999999999999886e+02 2.696106115900935833e+02
1.524000000000000057e+02 2.636252620551010182e+02
1.525999999999999943e+02 2.656398675830509433e+02
1.528000000000000114e+02 2.706544283709814636e+02
1.530000000000000000e+02 2.606689446148077991e+02
1.531999999999999886e+02 2.696834165093301294e+02
1.534000000000000057e+02 2.566978442482413811e+02
1.535999999999999943e+02 2.657122280241351291e+02
1.538000000000000114e+02 2.647265680285131566e+02
1.540000000000000000e+02 2.607408644517929588e+02
1.541999999999999886e+02 2.677551174833156438e+02
1.544000000000000057e+02 2.547693273113528676e+02
1.545999999999999943e+02 2.647834941231149060e+02
1.548000000000000114e+02 2.617976181047574755e+02
1.550000000000000000e+02 2.578116994413893508e+02
1.551999999999999886e+02 2.628257383170794697e+02
1.554000000000000057e+02 2.568397349148642093e+02
1.555999999999999943e+02 2.598536894167543778e+02
1.558000000000000114e+02 2.628676020037424905e+02
1.560000000000000000e+02 2.528814728558095055e+02
1.561999999999999886e+02 2.608953021519320146e+02
1.564000000000000057e+02 2.529090900700890927e+02
1.565999999999999943e+02 2.599228367872689773e+02
1.568000000000000114e+02 2.569365424794759747e+02
1.570000000000000000e+02 2.499502073217373095e+02
1.571999999999999886e+02 2.629638314881095198e+02
1.574000000000000057e+02 2.519774151516853635e+02
1.575999999999999943e+02 2.529909584846000712e+02
1.578000000000000114e+02 2.550044616580381955e+02
1.580000000000000000e+02 2.500179248422398359e+02
1.581999999999999886e+02 2.580313482065071184e+02
1.584000000000000057e+02 2.490447319192105624e+02
1.585999999999999943e+02 2.550580761477953899e+02
1.588000000000000114e+02 2.520713810587877788e+02
1.590000000000000000e+02 2.460846468178010298e+02
1.591999999999999886e+02 2.540978735895417628e+02
1.594000000000000057e+02 2.481110615378159991e+02
1.595999999999999943e+02 2.491242108255352434e+02
1.598000000000000114e+02 2.541373216147224809e+02
1.600000000000000000e+02 2.441503940665181176e+02
1.601999999999999886e+02 2.531634283411859485e+02
1.604000000000000057e+02 2.421764245981188992e+02
1.605999999999999943e+02 2.501893829958450226e+02
1.608000000000000114e+02 2.472023036920331833e+02
1.610000000000000000e+02 2.452151868434986852e+02
1.611999999999999886e+02 2.502280326062091831e+02
1.614000000000000057e+02 2.412408411352901112e+02
1.615999999999999943e+02 2.462536125850303392e+02
1.618000000000000114e+02 2.502663471088878282e+02
1.620000000000000000e+02 2.422790448594949737e+02
1.621999999999999886e+02 2.472917059886641766e+02
1.624000000000000057e+02 2.413043306473931580e+02
1.625999999999999943e+02 2.433169189858705010e+02
1.628000000000000114e+02 2.423294711534808243e+02
1.630000000000000000e+02 2.423419872988101815e+02
1.631999999999999886e+02 2.473544675696512058e+02
1.634000000000000057e+02 2.383669121130084534e+02
1.635999999999999943e+02 2.423793210751034906e+02
1.638000000000000114e+02 2.443916946013800100e+02
1.640000000000000000e+02 2.354040328365089465e+02
1.641999999999999886e+02 2.464163359243935929e+02
1.644000000000000057e+02 2.354286040081744602e+02
1.645999999999999943e+02 2.394408372302344219e+02
1.648000000000000114e+02 2.444530357322035172e+02
1.650000000000000000e+02 2.324651996549638682e+02
1.651999999999999886e+02 2.424773291386546248e+02
1.654000000000000057e+02 2.344894243226767117e+02
1.655999999999999943e+02 2.415014853456975743e+02
1.658000000000000114e+02 2.365135123456560109e+02
1.660000000000000000e+02 2.345255054597668334e+02
1.661999999999999886e+02 2.415374648245256139e+02
1.664000000000000057e+02 2.335493905757131756e+02
1.665999999999999943e+02 2.385612828484003103e+02
1.668000000000000114e+02 2.375731417769523830e+02
1.670000000000000000e+02 2.305849674950337089e+02
1.671999999999999886e+02 2.385967601356122145e+02
1.674000000000000057e+02 2.346085198309637860e+02
1.675999999999999943e+02 2.346202467126767885e+02
1.678000000000000114e+02 2.346319409116563577e+02
1.680000000000000000e+02 2.296436025581288618e+02
1.681999999999999886e+02 2.366552317816462221e+02
1.684000000000000057e+02 2.336668287110901190e+02
1.685999999999999943e+02 2.286783934746763407e+02
1.688000000000000114e+02 2.356899261999590465e+02
1.690000000000000000e+02 2.287014270138348309e+02
1.691999999999999886e+02 2.347128960425470154e+02
1.694000000000000057e+02 2.257243334116897699e+02
1.695999999999999943e+02 2.347357392462121481e+02
1.698000000000000114e+02 2.317471136704222374e+02
1.700000000000000000e+02 2.287584568079911946e+02
1.701999999999999886e+02 2.337697687819571968e+02
1.704000000000000057e+02 2.247810497147295337e+02
1.705999999999999943e+02 2.267922997280924449e+02
1.708000000000000114e+02 2.338035189432091556e+02
1.710000000000000000e+02 2.268147074806256569e+02
1.711999999999999886e+02 2.298258654602746560e+02
1.714000000000000057e+02 2.248369930014794704e+02
1.715999999999999943e+02 2.278480902229576373e+02
1.718000000000000114e+02 2.298591572428249208e+02
1.720000000000000000e+02 2.218701941785989220e+02
1.721999999999999886e+02 2.308812011472028303e+02
1.724000000000000057e+02 2.218921782649691465e+02
1.725999999999999943e+02 2.319031256476434066e+02
1.728000000000000114e+02 2.229140434103876771e+02
1.730000000000000000e+02 2.209249316677843069e+02
1.731999999999999886e+02 2.269357905338394801e+02
1.734000000000000057e+02 2.229466201219867401e+02
1.735999999999999943e+02 2.239574205450905708e+02
1.738000000000000114e+02 2.279681919154499212e+02
1.740000000000000000e+02 2.169789343448016155e+02
1.741999999999999886e+02 2.279896479443239059e+02
1.744000000000000057e+02 2.190003328246398553e+02
1.745999999999999943e+02 2.240109890958207757e+02
1.748000000000000114e+02 2.210216168673895822e+02
1.750000000000000000e+02 2.210322162483241470e+02
1.751999999999999886e+02 2.240427873470606812e+02
1.754000000000000057e+02 2.160533302714970603e+02
1.755999999999999943e+02 2.220638451289959789e+02
1.758000000000000114e+02 2.230743320263884470e+02
1.760000000000000000e+02 2.140847910699768022e+02
1.761999999999999886e+02 2.250952223655380067e+02
1.764000000000000057e+02 2.141056260183269160e+02
1.765999999999999943e+02 2.221160021330793768e+02
1.768000000000000114e+02 2.191263508140153533e+02
1.770000000000000000e+02 2.131366721648421390e+02
1.771999999999999886e+02 2.251469662887573406e+02
1.774000000000000057e+02 2.161572332884521188e+02
1.775999999999999943e+02 2.121674732661140581e+02
1.778000000000000114e+02 2.191776863234303505e+02
1.780000000000000000e+02 2.141878725615907513e+02
1.781999999999999886e+02 2.191980320812906200e+02
1.784000000000000057e+02 2.122081649827337628e+02
1.785999999999999943e+02 2.182182713656355588e+02
1.788000000000000114e+02 2.162283513292257737e+02
1.790000000000000000e+02 2.122384049722514874e+02
1.791999999999999886e+02 2.162484323929799928e+02
1.794000000000000057e+02 2.142584336892017234e+02
1.795999999999999943e+02 2.102684089582329818e+02
1.798000000000000114e+02 2.142783582969188103e+02
1.800000000000000000e+02 2.102882818016359181e+02
1.801999999999999886e+02 2.122981795682952679e+02
1.804000000000000057e+02 -6.591948307655036920e+00
