# energy (eV)  EELS (a.u)
2.600000000000000089e+00 1.167209802801335172e+01
2.800000999999999962e+00 1.809521962492908642e+01
3.000000000000000000e+00 -5.938243857218731137e+01
3.200000999999999873e+00 3.463244291587034240e+01
3.400002000000000191e+00 1.679686288411166970e+02
3.600000000000000089e+00 3.843804423550745923e+02
3.800000999999999962e+00 5.972670328081030675e+02
4.000000000000000000e+00 8.280291144979491946e+02
4.200001000000000317e+00 1.041676858490907762e+03
4.400001999999999747e+00 1.230417233797684275e+03
4.599999999999999645e+00 1.409247038112390328e+03
4.800000999999999962e+00 1.572955737977657918e+03
5.000000000000000000e+00 1.715746720424502655e+03
5.200001000000000317e+00 1.853692234257379369e+03
5.400001999999999747e+00 1.973014684497858070e+03
5.599999999999999645e+00 2.091301175577487356e+03
5.800000999999999962e+00 2.192659190362840491e+03
6.000000000000000000e+00 2.283812035573517733e+03
6.200001000000000317e+00 2.386192908377456661e+03
6.400001999999999747e+00 2.463996626581680630e+03
6.599999999999999645e+00 2.549229482428718711e+03
6.800000999999999962e+00 2.627749134191284156e+03
7.000000000000000000e+00 2.695283683214103348e+03
7.200001000000000317e+00 2.764462226966656544e+03
7.400001999999999747e+00 2.829826301750032144e+03
7.599999999999999645e+00 2.897846150406997367e+03
7.800000999999999962e+00 2.948934974608821904e+03
8.000000000000000000e+00 3.006451969381041636e+03
8.200001000000000317e+00 3.067715919664503417e+03
8.400002000000000635e+00 3.121007147435160732e+03
8.599999999999999645e+00 3.178574274475682614e+03
8.800000999999999962e+00 3.235640736215667857e+03
9.000000000000000000e+00 3.299403826720029429e+03
9.200001000000000317e+00 3.377042246095408245e+03
9.400002000000000635e+00 3.462715480935836240e+03
9.599999999999999645e+00 3.545567186552975727e+03
9.800000999999999962e+00 3.662728776512637523e+03
1.000000000000000000e+01 3.802317507348845538e+03
1.019999999999999929e+01 3.949441192409688938e+03
1.040000000000000036e+01 4.147197379607328912e+03
1.059999999999999964e+01 4.357675238250963957e+03
1.080000000000000071e+01 4.635956309282621078e+03
1.100000000000000000e+01 4.961115306453011726e+03
1.119999999999999929e+01 5.344220818399752716e+03
1.140000000000000036e+01 5.844335925659416716e+03
1.159999999999999964e+01 6.398518744416955087e+03
1.180000000000000071e+01 7.080822906958725071e+03
1.200000000000000000e+01 7.868297987273841500e+03
1.219999999999999929e+01 8.889989878983702511e+03
1.240000000000000036e+01 1.002694113172409925e+04
1.259999999999999964e+01 1.134819125122031983e+04
1.280000000000000071e+01 1.268077696755292345e+04
1.300000000000000000e+01 1.406973247548539985e+04
1.319999999999999929e+01 1.536808965019519928e+04
1.340000000000000036e+01 1.648687824130005174e+04
1.359999999999999964e+01 1.717412604768886376e+04
1.380000000000000071e+01 1.732085907534007492e+04
1.400000000000000000e+01 1.690510168003074432e+04
1.419999999999999929e+01 1.605487669660003121e+04
1.440000000000000036e+01 1.493420555622423126e+04
1.459999999999999964e+01 1.360810839298275459e+04
1.480000000000000071e+01 1.235360414084044896e+04
1.500000000000000000e+01 1.108871062203843758e+04
1.519999999999999929e+01 9.948444627769817089e+03
1.540000000000000036e+01 9.014821991915725448e+03
1.559999999999999964e+01 8.188857658529430410e+03
1.580000000000000071e+01 7.456565743679138905e+03
1.600000000000000000e+01 6.830959592192991295e+03
1.619999999999999929e+01 6.342051829790556440e+03
1.639999999999999858e+01 5.865854411033246834e+03
1.660000000000000142e+01 5.500378663480282739e+03
1.680000000000000071e+01 5.169635328396490877e+03
1.700000000000000000e+01 4.882634598322502825e+03
1.719999999999999929e+01 4.651386151786347909e+03
1.739999999999999858e+01 4.428899185407388359e+03
1.760000000000000142e+01 4.242182443618657089e+03
1.780000000000000071e+01 4.075244246211524114e+03
1.800000000000000000e+01 3.919092513886852885e+03
1.819999999999999929e+01 3.788734791979227793e+03
1.839999999999999858e+01 3.672178272505082532e+03
1.860000000000000142e+01 3.562429814671481836e+03
1.880000000000000071e+01 3.465495963969685363e+03
1.900000000000000000e+01 3.371382969966310611e+03
1.919999999999999929e+01 3.286096802894723623e+03
1.939999999999999858e+01 3.201643169140153077e+03
1.960000000000000142e+01 3.131027525703763331e+03
1.980000000000000071e+01 3.055255093723498248e+03
2.000000000000000000e+01 2.984330871122800090e+03
2.019999999999999929e+01 2.926259644452222801e+03
2.039999999999999858e+01 2.861045999983499314e+03
2.060000000000000142e+01 2.810694334110614363e+03
2.080000000000000071e+01 2.751208863107951402e+03
2.100000000000000000e+01 2.702593632291478571e+03
2.119999999999999929e+01 2.649852524625203387e+03
2.139999999999999858e+01 2.597989268811767033e+03
2.160000000000000142e+01 2.560007446902939591e+03
2.180000000000000071e+01 2.516910501462983120e+03
2.200000000000000000e+01 2.480701742315282900e+03
2.219999999999999929e+01 2.444384352900297017e+03
2.239999999999999858e+01 2.415961396270744444e+03
2.260000000000000142e+01 2.396435820747989055e+03
2.280000000000000071e+01 2.390810465261779882e+03
2.300000000000000000e+01 2.378088064393872173e+03
2.319999999999999929e+01 2.397271253144538150e+03
2.339999999999999858e+01 2.422362571439599378e+03
2.360000000000000142e+01 2.455364468394336200e+03
2.380000000000000071e+01 2.496279306349460057e+03
2.400000000000000000e+01 2.540109364693266798e+03
2.419999999999999929e+01 2.577856843483082685e+03
2.439999999999999858e+01 2.618523866878221270e+03
2.460000000000000142e+01 2.655112486395807082e+03
2.480000000000000071e+01 2.696624684000060370e+03
2.500000000000000000e+01 2.738062375034910474e+03
2.519999999999999929e+01 2.776427411009145999e+03
2.539999999999999858e+01 2.815721582242689237e+03
2.560000000000000142e+01 2.856946620382027504e+03
2.580000000000000071e+01 2.885104200792291977e+03
2.600000000000000000e+01 2.928195944832998975e+03
2.619999999999999929e+01 2.962223422024010688e+03
2.639999999999999858e+01 2.991188152107852602e+03
2.660000000000000142e+01 3.026091607014140209e+03
2.680000000000000071e+01 3.047935212731498723e+03
2.700000000000000000e+01 3.061720351092028977e+03
2.719999999999999929e+01 3.071448361473052501e+03
2.739999999999999858e+01 3.062120542420589118e+03
2.760000000000000142e+01 3.041738153198732107e+03
2.780000000000000071e+01 3.014302415268854475e+03
2.800000000000000000e+01 2.977814513702321619e+03
2.819999999999999929e+01 2.938275598530182833e+03
2.839999999999999858e+01 2.875686786033099906e+03
2.860000000000000142e+01 2.815049159974586473e+03
2.880000000000000071e+01 2.753363772780440740e+03
2.900000000000000000e+01 2.697631646667102814e+03
2.919999999999999929e+01 2.632853774721498212e+03
2.939999999999999858e+01 2.574031121934786825e+03
2.960000000000000142e+01 2.511164626192303786e+03
2.980000000000000071e+01 2.450255199221844123e+03
3.000000000000000000e+01 2.391303727502325273e+03
3.019999999999999929e+01 2.338311073134746493e+03
3.039999999999999858e+01 2.280278074677268705e+03
3.060000000000000142e+01 2.236205547946118259e+03
3.080000000000000071e+01 2.180094286783947609e+03
3.100000000000000000e+01 2.133945063797182229e+03
3.119999999999999929e+01 2.084758631063811208e+03
3.139999999999999858e+01 2.046535720812990803e+03
3.160000000000000142e+01 2.006277046077769228e+03
3.180000000000000071e+01 1.969983301322165062e+03
3.200000000000000000e+01 1.935655163043768198e+03
3.220000000000000284e+01 1.910293290352974054e+03
3.239999999999999858e+01 1.880898325529900376e+03
3.260000000000000142e+01 1.850470894559989574e+03
3.279999999999999716e+01 1.826011607649238613e+03
3.300000000000000000e+01 1.805521059719960249e+03
3.320000000000000284e+01 1.785999830887927828e+03
3.339999999999999858e+01 1.759448486921715357e+03
3.360000000000000142e+01 1.743867579685006149e+03
3.379999999999999716e+01 1.727257647562600596e+03
3.400000000000000000e+01 1.707619215870823155e+03
3.420000000000000284e+01 1.693952797252992241e+03
3.439999999999999858e+01 1.674258892060582639e+03
3.460000000000000142e+01 1.658537988720681369e+03
3.479999999999999716e+01 1.645790564090312728e+03
3.500000000000000000e+01 1.632017083798175690e+03
3.520000000000000284e+01 1.619218002574309821e+03
3.539999999999999858e+01 1.609393764568192182e+03
3.560000000000000142e+01 1.596544803655731130e+03
3.579999999999999716e+01 1.583671543735607656e+03
3.600000000000000000e+01 1.579774399015398103e+03
3.620000000000000284e+01 1.569853774287882288e+03
3.639999999999999858e+01 1.559910065197931317e+03
3.660000000000000142e+01 1.555943658500347738e+03
3.679999999999999716e+01 1.545954932309013429e+03
3.700000000000000000e+01 1.542944256337687875e+03
3.720000000000000284e+01 1.541911992132779460e+03
3.739999999999999858e+01 1.535858493298400845e+03
3.760000000000000142e+01 1.530784105714010366e+03
3.779999999999999716e+01 1.523689167744915267e+03
3.800000000000000000e+01 1.521574010445915292e+03
3.820000000000000284e+01 1.518438957758345623e+03
3.839999999999999858e+01 1.512284326700762904e+03
3.860000000000000142e+01 1.506110427553520822e+03
3.879999999999999716e+01 1.503917564037453758e+03
3.900000000000000000e+01 1.507706033486895876e+03
3.920000000000000284e+01 1.494476127017237104e+03
3.939999999999999858e+01 1.496228129687221781e+03
3.960000000000000142e+01 1.495962320656177781e+03
3.979999999999999716e+01 1.490678973336363015e+03
4.000000000000000000e+01 1.489378355540605526e+03
4.020000000000000284e+01 1.484060729625402928e+03
4.039999999999999858e+01 1.477726352629647863e+03
4.060000000000000142e+01 1.478375476409131352e+03
4.079999999999999716e+01 1.470008347766976385e+03
4.100000000000000000e+01 1.466625208580142953e+03
4.120000000000000284e+01 1.465226295922142072e+03
4.139999999999999858e+01 1.459811842182092505e+03
4.160000000000000142e+01 1.449382075180245465e+03
4.179999999999999716e+01 1.448937218280098477e+03
4.200000000000000000e+01 1.443477490497219605e+03
4.220000000000000284e+01 1.431003106604887762e+03
4.239999999999999858e+01 1.439514277236663247e+03
4.260000000000000142e+01 1.432011208985989015e+03
4.279999999999999716e+01 1.423494104502923619e+03
4.300000000000000000e+01 1.421963162588102932e+03
4.320000000000000284e+01 1.420418578284019759e+03
4.339999999999999858e+01 1.412860542963714579e+03
4.360000000000000142e+01 1.410289244416959946e+03
4.379999999999999716e+01 1.410704866934020856e+03
4.400000000000000000e+01 1.405107591387073171e+03
4.420000000000000284e+01 1.404497595309352164e+03
4.439999999999999858e+01 1.403875052972108733e+03
4.460000000000000142e+01 1.402240135459441717e+03
4.479999999999999716e+01 1.394593010741073840e+03
4.500000000000000000e+01 1.396933843743139278e+03
4.520000000000000284e+01 1.397262796417044456e+03
4.539999999999999858e+01 1.396580027806463931e+03
4.560000000000000142e+01 1.395885694112528654e+03
4.579999999999999716e+01 1.390179948757265493e+03
4.600000000000000000e+01 1.387462942445341241e+03
4.620000000000000284e+01 1.391734823224162483e+03
4.639999999999999858e+01 1.385995736542387021e+03
4.660000000000000142e+01 1.382245825306888946e+03
4.679999999999999716e+01 1.389485229938231214e+03
4.700000000000000000e+01 1.383714088424686906e+03
4.720000000000000284e+01 1.379932536374855545e+03
4.739999999999999858e+01 1.384140707068916299e+03
4.760000000000000142e+01 1.380338731508558567e+03
4.779999999999999716e+01 1.382526738465632206e+03
4.800000000000000000e+01 1.379704854529550403e+03
4.820000000000000284e+01 1.377873204153489496e+03
4.839999999999999858e+01 1.379031909699414200e+03
4.860000000000000142e+01 1.381181091481969133e+03
4.879999999999999716e+01 1.380320867811263952e+03
4.900000000000000000e+01 1.377451355034590279e+03
4.920000000000000284e+01 1.384572667577097263e+03
4.939999999999999858e+01 1.380684917981458284e+03
4.960000000000000142e+01 1.380788216946556076e+03
4.979999999999999716e+01 1.382882673365217215e+03
5.000000000000000000e+01 1.381968394361020501e+03
5.020000000000000284e+01 1.385045485324206311e+03
5.039999999999999858e+01 1.388114049946713976e+03
5.060000000000000142e+01 1.388174190256371048e+03
5.079999999999999716e+01 1.391226006650256295e+03
5.100000000000000000e+01 1.393269597927263248e+03
5.120000000000000284e+01 1.391305061319883634e+03
5.139999999999999858e+01 1.400332492525234102e+03
5.160000000000000142e+01 1.399351985735347171e+03
5.179999999999999716e+01 1.404363633666745045e+03
5.200000000000000000e+01 1.408367527589318343e+03
5.220000000000000284e+01 1.409363757354526797e+03
5.239999999999999858e+01 1.414352411422942396e+03
5.260000000000000142e+01 1.426333576891150869e+03
5.279999999999999716e+01 1.425307339518029949e+03
5.300000000000000000e+01 1.427273783750421671e+03
5.320000000000000284e+01 1.437232992748213064e+03
5.339999999999999858e+01 1.441185048408844295e+03
5.360000000000000142e+01 1.451130031391255670e+03
5.379999999999999716e+01 1.452068021139291432e+03
5.400000000000000000e+01 1.462999095904574006e+03
5.420000000000000284e+01 1.457923332768861201e+03
5.439999999999999858e+01 1.471840807665901366e+03
5.460000000000000142e+01 1.471751595402800376e+03
5.479999999999999716e+01 1.480655769680909998e+03
5.500000000000000000e+01 1.483553403116254913e+03
5.520000000000000284e+01 1.487444567259504765e+03
5.539999999999999858e+01 1.491329332615507838e+03
5.560000000000000142e+01 1.494207768662394074e+03
5.579999999999999716e+01 1.497079943870261559e+03
5.600000000000000000e+01 1.499945925719453726e+03
5.620000000000000284e+01 1.504805780718440928e+03
5.639999999999999858e+01 1.505659574421313664e+03
5.660000000000000142e+01 1.506507371444899263e+03
5.679999999999999716e+01 1.509349235485509553e+03
5.700000000000000000e+01 1.509185229335332451e+03
5.720000000000000284e+01 1.509015414898469771e+03
5.739999999999999858e+01 1.508839853206638281e+03
5.760000000000000142e+01 1.509658604434534709e+03
5.779999999999999716e+01 1.507471727914878329e+03
5.800000000000000000e+01 1.509279282153136592e+03
5.820000000000000284e+01 1.504081324841941750e+03
5.839999999999999858e+01 1.503877912875206903e+03
5.860000000000000142e+01 1.501669102361948262e+03
5.879999999999999716e+01 1.500454948639819122e+03
5.900000000000000000e+01 1.495235506288367105e+03
5.920000000000000284e+01 1.497010829142015837e+03
5.939999999999999858e+01 1.494780970302780133e+03
5.960000000000000142e+01 1.486545982152723809e+03
5.979999999999999716e+01 1.487305916366159181e+03
6.000000000000000000e+01 1.483060823921603742e+03
6.020000000000000284e+01 1.477810755113489904e+03
6.039999999999999858e+01 1.475555759563642596e+03
6.060000000000000142e+01 1.475295886232522889e+03
6.079999999999999716e+01 1.469031183430248120e+03
6.100000000000000000e+01 1.468761698827391683e+03
6.120000000000000284e+01 1.460487479465567048e+03
6.139999999999999858e+01 1.458208571767802368e+03
6.160000000000000142e+01 1.455925021548710674e+03
6.179999999999999716e+01 1.453636874024457484e+03
6.200000000000000000e+01 1.448344173822535367e+03
6.220000000000000284e+01 1.448046964991344339e+03
6.239999999999999858e+01 1.444745291009588072e+03
6.260000000000000142e+01 1.441439194795485491e+03
6.279999999999999716e+01 1.442128718715803643e+03
6.300000000000000000e+01 1.438813904594717769e+03
6.320000000000000284e+01 1.430494793722499026e+03
6.339999999999999858e+01 1.436171426864036221e+03
6.360000000000000142e+01 1.430843844267194072e+03
6.379999999999999716e+01 1.430512085671013210e+03
6.400000000000000000e+01 1.428176190313751931e+03
6.420000000000000284e+01 1.429836196940777882e+03
6.440000000000000568e+01 1.425492143812309905e+03
6.459999999999999432e+01 1.427144068711013006e+03
6.479999999999999716e+01 1.427792008949452338e+03
6.500000000000000000e+01 1.425436001377407138e+03
6.520000000000000284e+01 1.423076082389047542e+03
6.540000000000000568e+01 1.426712287929979084e+03
6.559999999999999432e+01 1.423344653504155531e+03
6.579999999999999716e+01 1.425973214180664627e+03
6.600000000000000000e+01 1.424598004600389004e+03
6.620000000000000284e+01 1.425219058982544084e+03
6.640000000000000568e+01 1.425836411131096384e+03
6.659999999999999432e+01 1.426450094441065630e+03
6.679999999999999716e+01 1.426060141904710918e+03
6.700000000000000000e+01 1.428666586117605448e+03
6.720000000000000284e+01 1.424269459284600998e+03
6.740000000000000568e+01 1.426868793225685067e+03
6.759999999999999432e+01 1.428464619381732746e+03
6.779999999999999716e+01 1.427056968820155589e+03
6.800000000000000000e+01 1.425645872240448853e+03
6.820000000000000284e+01 1.427231359979641184e+03
6.840000000000000568e+01 1.427813462017646543e+03
6.859999999999999432e+01 1.429392207982521313e+03
6.879999999999999716e+01 1.424967627155629089e+03
6.900000000000000000e+01 1.426539748476714749e+03
6.920000000000000284e+01 1.429108600548888717e+03
6.940000000000000568e+01 1.424674211643523904e+03
6.959999999999999432e+01 1.424236609705069213e+03
6.979999999999999716e+01 1.423795822355775954e+03
7.000000000000000000e+01 1.422351876900345360e+03
7.020000000000000284e+01 1.418904800330494254e+03
7.040000000000000568e+01 1.419454619329442039e+03
7.059999999999999432e+01 1.422001360276320156e+03
7.079999999999999716e+01 1.412545049250508100e+03
7.100000000000000000e+01 1.416085712035891902e+03
7.120000000000000284e+01 1.415623374125053260e+03
7.140000000000000568e+01 1.411158060723384551e+03
7.159999999999999432e+01 1.411689796753137671e+03
7.179999999999999716e+01 1.407218606857400118e+03
7.200000000000000000e+01 1.404744515404008325e+03
7.220000000000000284e+01 1.413267546489391407e+03
7.240000000000000568e+01 1.405787723942353523e+03
7.259999999999999432e+01 1.405305071327791893e+03
7.279999999999999716e+01 1.402819611950351828e+03
7.300000000000000000e+01 1.398331368858023097e+03
7.320000000000000284e+01 1.401840364845674685e+03
7.340000000000000568e+01 1.399346622458532693e+03
7.359999999999999432e+01 1.396850163995599814e+03
7.379999999999999716e+01 1.395351011513020239e+03
7.400000000000000000e+01 1.392849186827386575e+03
7.420000000000000284e+01 1.397344711518995609e+03
7.440000000000000568e+01 1.383837606935049507e+03
7.459999999999999432e+01 1.391327894192805616e+03
7.479999999999999716e+01 1.386815594182674431e+03
7.500000000000000000e+01 1.383300727571268681e+03
7.520000000000000284e+01 1.383783314804401471e+03
7.540000000000000568e+01 1.384263376110038735e+03
7.559999999999999432e+01 1.381740931501201885e+03
7.579999999999999716e+01 1.381216000778825446e+03
7.600000000000000000e+01 1.377688603534568756e+03
7.620000000000000284e+01 1.375158759153583333e+03
7.640000000000000568e+01 1.377626486817235445e+03
7.659999999999999432e+01 1.370091805505786624e+03
7.679999999999999716e+01 1.367554734001030965e+03
7.700000000000000000e+01 1.372015290888891968e+03
7.720000000000000284e+01 1.360473494561977532e+03
7.740000000000000568e+01 1.365929363222095844e+03
7.759999999999999432e+01 1.360382914882731939e+03
7.779999999999999716e+01 1.360834167371484227e+03
7.800000000000000000e+01 1.352283138332465569e+03
7.820000000000000284e+01 1.354729845228665681e+03
7.840000000000000568e+01 1.351174305344276945e+03
7.859999999999999432e+01 1.342616535786984514e+03
7.879999999999999716e+01 1.346056553490222996e+03
7.900000000000000000e+01 1.339494375215395166e+03
7.920000000000000284e+01 1.339930017554059305e+03
7.940000000000000568e+01 1.335363496930083102e+03
7.959999999999999432e+01 1.335794829601763468e+03
7.979999999999999716e+01 1.330224031663914957e+03
8.000000000000000000e+01 1.328651119049927047e+03
8.020000000000000284e+01 1.322076107533789127e+03
8.040000000000000568e+01 1.326499012732086157e+03
8.059999999999999432e+01 1.316919850105963860e+03
8.079999999999999716e+01 1.317338634963065033e+03
8.100000000000000000e+01 1.317755382459435623e+03
8.120000000000000284e+01 1.315170107601403060e+03
8.140000000000000568e+01 1.311582825247428218e+03
8.159999999999999432e+01 1.304993550109927128e+03
8.179999999999999716e+01 1.307402296757067234e+03
8.200000000000000000e+01 1.303809079614537950e+03
8.220000000000000284e+01 1.303213912967293709e+03
8.240000000000000568e+01 1.301616810961271767e+03
8.259999999999999432e+01 1.292017787605084777e+03
8.279999999999999716e+01 1.289416856771689709e+03
8.300000000000000000e+01 1.289814032200031761e+03
8.320000000000000284e+01 1.286209327496662354e+03
8.340000000000000568e+01 1.281602756137337792e+03
8.359999999999999432e+01 1.279994331468591554e+03
8.379999999999999716e+01 1.271384066709284753e+03
8.400000000000000000e+01 1.274771974952134769e+03
8.420000000000000284e+01 1.269158069165221150e+03
8.440000000000000568e+01 1.264542362193470581e+03
8.459999999999999432e+01 1.259924866760120494e+03
8.479999999999999716e+01 1.262305595468161755e+03
8.500000000000000000e+01 1.188684560801759972e+03
8.520000000000000284e+01 1.250061775127658848e+03
8.540000000000000568e+01 1.243437250696561023e+03
8.559999999999999432e+01 1.239810999644491176e+03
8.579999999999999716e+01 1.234183033994139350e+03
8.600000000000000000e+01 1.232553365656185633e+03
8.620000000000000284e+01 1.225922006430605279e+03
8.640000000000000568e+01 1.220288968007957237e+03
8.659999999999999432e+01 1.214654261970654034e+03
8.679999999999999716e+01 1.215017899794212099e+03
8.700000000000000000e+01 1.206379892848488680e+03
8.720000000000000284e+01 1.196740252398897155e+03
8.740000000000000568e+01 1.198098989607609155e+03
8.759999999999999432e+01 1.187456115534738501e+03
8.779999999999999716e+01 1.182811641139507856e+03
8.800000000000000000e+01 1.179165577281401966e+03
8.820000000000000284e+01 1.172517934721302936e+03
8.840000000000000568e+01 1.164868724122610047e+03
8.859999999999999432e+01 1.162217956052346608e+03
8.879999999999999716e+01 1.155565640982248624e+03
8.900000000000000000e+01 1.147911789289840044e+03
8.920000000000000284e+01 1.142256411259495280e+03
8.940000000000000568e+01 1.136599517083483533e+03
8.959999999999999432e+01 1.128941116863002435e+03
8.979999999999999716e+01 1.129281220609196225e+03
9.000000000000000000e+01 1.117619838244160292e+03
9.020000000000000284e+01 1.112956979601932744e+03
9.040000000000000568e+01 1.105292654429472350e+03
9.059999999999999432e+01 1.100626872387623962e+03
9.079999999999999716e+01 1.096959643052069623e+03
9.100000000000000000e+01 1.086290975914270120e+03
9.120000000000000284e+01 1.081620880382389942e+03
9.140000000000000568e+01 1.073949365782213590e+03
9.159999999999999432e+01 1.070276441358048032e+03
9.179999999999999716e+01 1.064602116273613319e+03
9.200000000000000000e+01 1.057926399612922751e+03
9.220000000000000284e+01 1.055249300381149169e+03
9.240000000000000568e+01 1.045570827505483066e+03
9.259999999999999432e+01 1.036890989835976143e+03
9.279999999999999716e+01 1.027209796146377357e+03
9.300000000000000000e+01 1.029527255134954203e+03
9.320000000000000284e+01 1.020843375425307840e+03
9.340000000000000568e+01 1.013158165567173455e+03
9.359999999999999432e+01 1.007471634037212880e+03
9.379999999999999716e+01 1.001783789239796647e+03
9.400000000000000000e+01 9.980946395077751276e+02
9.420000000000000284e+01 9.894041931032403454e+02
9.440000000000000568e+01 9.877124582182785844e+02
9.459999999999999432e+01 9.770194429757123089e+02
9.479999999999999716e+01 9.743251554298333303e+02
9.500000000000000000e+01 9.676296035671264235e+02
9.520000000000000284e+01 9.609327953069844170e+02
9.540000000000000568e+01 9.562347385024128243e+02
9.559999999999999432e+01 9.485354409407268577e+02
9.579999999999999716e+01 9.468349103442392334e+02
9.600000000000000000e+01 9.391331543709397920e+02
9.620000000000000284e+01 9.324301806151649998e+02
9.640000000000000568e+01 9.287259966082614255e+02
9.659999999999999432e+01 9.190206098192389845e+02
9.679999999999999716e+01 9.183140276554171351e+02
9.700000000000000000e+01 9.086062574630625477e+02
9.720000000000000284e+01 9.058973065280189303e+02
9.740000000000000568e+01 9.001871820763292362e+02
9.759999999999999432e+01 8.924758912748502553e+02
9.779999999999999716e+01 8.947634412318589057e+02
9.800000000000000000e+01 8.810498389976522731e+02
9.820000000000000284e+01 8.793350915651390096e+02
9.840000000000000568e+01 8.756192058704244801e+02
9.859999999999999432e+01 8.669021887933881771e+02
9.879999999999999716e+01 8.651840471582543159e+02
9.900000000000000000e+01 8.574647877341554931e+02
9.920000000000000284e+01 8.517444172356891841e+02
9.940000000000000568e+01 8.500229423234681008e+02
9.959999999999999432e+01 8.423013696046632504e+02
9.979999999999999716e+01 8.345767056335407688e+02
1.000000000000000000e+02 8.338519569119922608e+02
1.002000000000000028e+02 8.281261298900587917e+02
1.004000000000000057e+02 8.243992309664483855e+02
1.005999999999999943e+02 8.196712664890472979e+02
1.007999999999999972e+02 8.129422427554256956e+02
1.010000000000000000e+02 8.112121660133368550e+02
1.012000000000000028e+02 8.034810424612102224e+02
1.014000000000000057e+02 7.987488782486390164e+02
1.015999999999999943e+02 7.950156794768619193e+02
1.017999999999999972e+02 7.912814521992393111e+02
1.020000000000000000e+02 7.845462024217231374e+02
1.022000000000000028e+02 7.808099361033221157e+02
1.024000000000000057e+02 7.790726591565609169e+02
1.025999999999999943e+02 7.703343774479340027e+02
1.027999999999999972e+02 7.675950967983546889e+02
1.030000000000000000e+02 7.648548229835976144e+02
1.032000000000000028e+02 7.571135617347381412e+02
1.034000000000000057e+02 7.543713187385842502e+02
1.035999999999999943e+02 7.506280996381058230e+02
1.037999999999999972e+02 7.478839100328565337e+02
1.040000000000000000e+02 7.421387554793926711e+02
1.042000000000000028e+02 7.403926414916865042e+02
1.044000000000000057e+02 7.326455735415346453e+02
1.045999999999999943e+02 7.318975570589619792e+02
1.047999999999999972e+02 7.291485974326210453e+02
1.050000000000000000e+02 7.213987000101865306e+02
1.052000000000000028e+02 7.196478700987451020e+02
1.054000000000000057e+02 7.158961129651818283e+02
1.055999999999999943e+02 7.071434338365609165e+02
1.057999999999999972e+02 7.043898379005025845e+02
1.060000000000000000e+02 7.066353303055559536e+02
1.062000000000000028e+02 6.988799161615672801e+02
1.064000000000000057e+02 6.961236005400446629e+02
1.065999999999999943e+02 6.933663884745172936e+02
1.067999999999999972e+02 6.886082849608924334e+02
1.070000000000000000e+02 6.868492949578071602e+02
1.072000000000000028e+02 6.790894233869757954e+02
1.074000000000000057e+02 6.813286751335356257e+02
1.075999999999999943e+02 6.765670550463855761e+02
1.077999999999999972e+02 6.668045679385238600e+02
1.080000000000000000e+02 6.650412185873807402e+02
1.082000000000000028e+02 6.622770117351469708e+02
1.084000000000000057e+02 6.615119520890996228e+02
1.085999999999999943e+02 6.537460443219239323e+02
1.087999999999999972e+02 6.569792930720318509e+02
1.090000000000000000e+02 6.462117029438760483e+02
1.092000000000000028e+02 6.494432785082619830e+02
1.094000000000000057e+02 6.396740243026551980e+02
1.095999999999999943e+02 6.359039448314862284e+02
1.097999999999999972e+02 6.361330445664511899e+02
1.100000000000000000e+02 6.313613279468104338e+02
1.102000000000000028e+02 6.285887993796820865e+02
1.104000000000000057e+02 6.258154632403346795e+02
1.105999999999999943e+02 6.180413238724740950e+02
1.107999999999999972e+02 6.172663855885294879e+02
1.110000000000000000e+02 6.144906526699350025e+02
1.112000000000000028e+02 6.137141293674086455e+02
1.114000000000000057e+02 6.059368199012283185e+02
1.115999999999999943e+02 6.061587284615047793e+02
1.117999999999999972e+02 6.023798592084511938e+02
1.120000000000000000e+02 5.936002162726512097e+02
1.122000000000000028e+02 5.948198037553221411e+02
1.124000000000000057e+02 5.930386257285770171e+02
1.125999999999999943e+02 5.882566862356828779e+02
1.127999999999999972e+02 5.824739892913169115e+02
1.130000000000000000e+02 5.836905388818195206e+02
1.132000000000000028e+02 5.769063389654444336e+02
1.134000000000000057e+02 5.751213934726067691e+02
1.135999999999999943e+02 5.753357063061284862e+02
1.137999999999999972e+02 5.675492813414800821e+02
1.140000000000000000e+02 5.637621224270216089e+02
1.142000000000000028e+02 5.659742333842394828e+02
1.144000000000000057e+02 5.571856180079815886e+02
1.145999999999999943e+02 5.613962800666898829e+02
1.147999999999999972e+02 5.516062233026307240e+02
1.150000000000000000e+02 5.488154514321217903e+02
1.152000000000000028e+02 5.510239681457580900e+02
1.154000000000000057e+02 5.442317771086349012e+02
1.155999999999999943e+02 5.454388819605676417e+02
1.157999999999999972e+02 5.366452863163110578e+02
1.160000000000000000e+02 5.368509937657750015e+02
1.162000000000000028e+02 5.360560078742377073e+02
1.164000000000000057e+02 5.302603321825586136e+02
1.165999999999999943e+02 5.264639702073864100e+02
1.167999999999999972e+02 5.266669254413674253e+02
1.170000000000000000e+02 5.238692013533501495e+02
1.172000000000000028e+02 5.170708013885887340e+02
1.174000000000000057e+02 5.182717289689433073e+02
1.175999999999999943e+02 5.164719874930794958e+02
1.177999999999999972e+02 5.116715803366651585e+02
1.180000000000000000e+02 5.088705108525650758e+02
1.182000000000000028e+02 5.070687823710338193e+02
1.184000000000000057e+02 5.052663981999070302e+02
1.185999999999999943e+02 5.014633616247899681e+02
1.187999999999999972e+02 5.006596759092450384e+02
1.190000000000000000e+02 4.968553442949765895e+02
1.192000000000000028e+02 4.990503700020144038e+02
1.194000000000000057e+02 4.892447562288952554e+02
1.195999999999999943e+02 4.914385061528423648e+02
1.197999999999999972e+02 4.916316229299434326e+02
1.200000000000000000e+02 4.858241096953266265e+02
1.202000000000000028e+02 4.820159695633348633e+02
1.204000000000000057e+02 4.782072056276983290e+02
1.205999999999999943e+02 4.813978209617055199e+02
1.207999999999999972e+02 4.795878186183722391e+02
1.210000000000000000e+02 4.727772016306089427e+02
1.212000000000000028e+02 4.749659730113867795e+02
1.214000000000000057e+02 4.681541357539017554e+02
1.215999999999999943e+02 4.703416928317368502e+02
1.217999999999999972e+02 4.655286471990236805e+02
1.220000000000000000e+02 4.667150017906010930e+02
1.222000000000000028e+02 4.579007595221734164e+02
1.224000000000000057e+02 4.590859232904666669e+02
1.225999999999999943e+02 4.602704959733828218e+02
1.227999999999999972e+02 4.584544804301535805e+02
1.230000000000000000e+02 4.496378795014918524e+02
1.232000000000000028e+02 4.548206960097415958e+02
1.234000000000000057e+02 4.490029327590272601e+02
1.235999999999999943e+02 4.471845925354003271e+02
1.237999999999999972e+02 4.463656781069857971e+02
1.240000000000000000e+02 4.455461922241262869e+02
1.242000000000000028e+02 4.457261376195252751e+02
1.244000000000000057e+02 4.379055170083885287e+02
1.245999999999999943e+02 4.420843330885647902e+02
1.247999999999999972e+02 4.382625885406844191e+02
1.250000000000000000e+02 4.364402860282970664e+02
1.252000000000000028e+02 4.336174281980080991e+02
1.254000000000000057e+02 4.327940176796134892e+02
1.255999999999999943e+02 4.289700570862336235e+02
1.257999999999999972e+02 4.311455490144455780e+02
1.260000000000000000e+02 4.263204960444143694e+02
1.262000000000000028e+02 4.234949007400228993e+02
1.264000000000000057e+02 4.226687656490004201e+02
1.265999999999999943e+02 4.198420933030504330e+02
1.267999999999999972e+02 4.240148862179765388e+02
1.270000000000000000e+02 4.191871468938076077e+02
1.272000000000000028e+02 4.203588778149216409e+02
1.274000000000000057e+02 4.145300814501686091e+02
1.275999999999999943e+02 4.157007602529918131e+02
1.277999999999999972e+02 4.118709166615484492e+02
1.280000000000000000e+02 4.120405530988288092e+02
1.281999999999999886e+02 4.072096719727744016e+02
1.284000000000000057e+02 4.113782756763951056e+02
1.285999999999999943e+02 4.065463665878850179e+02
1.288000000000000114e+02 4.057139470707375040e+02
1.290000000000000000e+02 4.048810194738588280e+02
1.291999999999999886e+02 4.010475861316811006e+02
1.294000000000000057e+02 4.032136493642735786e+02
1.295999999999999943e+02 3.993792114774539641e+02
1.298000000000000114e+02 3.965442747628976008e+02
1.300000000000000000e+02 3.987088414982459881e+02
1.301999999999999886e+02 3.968729139472150678e+02
1.304000000000000057e+02 3.930364943597010097e+02
1.305999999999999943e+02 3.941995849718866225e+02
1.308000000000000114e+02 3.893621880063455478e+02
1.310000000000000000e+02 3.945243056721461699e+02
1.311999999999999886e+02 3.886859401649544452e+02
1.314000000000000057e+02 3.888470936671357094e+02
1.315999999999999943e+02 3.850077683478554604e+02
1.318000000000000114e+02 3.861679663631795165e+02
1.320000000000000000e+02 3.843276898561730377e+02
1.321999999999999886e+02 3.814869409569986374e+02
1.324000000000000057e+02 3.836457217830138688e+02
1.325999999999999943e+02 3.828040344388674043e+02
1.328000000000000114e+02 3.779618810165947593e+02
1.330000000000000000e+02 3.791192635957127663e+02
1.331999999999999886e+02 3.752761842433135939e+02
1.334000000000000057e+02 3.774326450141576856e+02
1.335999999999999943e+02 3.725886479507658464e+02
1.338000000000000114e+02 3.767441950835104763e+02
1.340000000000000000e+02 3.718992884307063491e+02
1.341999999999999886e+02 3.700539299986999708e+02
1.344000000000000057e+02 3.732081217819586527e+02
1.345999999999999943e+02 3.683618657631586757e+02
1.348000000000000114e+02 3.705151639132723176e+02
1.350000000000000000e+02 3.666680181916547099e+02
1.351999999999999886e+02 3.658204305461292734e+02
1.354000000000000057e+02 3.669724029130732106e+02
1.355999999999999943e+02 3.641239372175011226e+02
1.358000000000000114e+02 3.632750353731490236e+02
1.360000000000000000e+02 3.634256992825568773e+02
1.361999999999999886e+02 3.635759308371507359e+02
1.364000000000000057e+02 3.597257319173239694e+02
1.365999999999999943e+02 3.568751043925178692e+02
1.368000000000000114e+02 3.630240501213016842e+02
1.370000000000000000e+02 3.581725709514516325e+02
1.371999999999999886e+02 3.583206687200295733e+02
1.374000000000000057e+02 3.564683452534607113e+02
1.375999999999999943e+02 3.556156023676106770e+02
1.378000000000000114e+02 3.537624418678623215e+02
1.380000000000000000e+02 3.579088655491909208e+02
1.381999999999999886e+02 3.510548751962400047e+02
1.384000000000000057e+02 3.532004725833953671e+02
1.385999999999999943e+02 3.523456594748591328e+02
1.388000000000000114e+02 3.514904376247228583e+02
1.390000000000000000e+02 3.506348087770401776e+02
1.391999999999999886e+02 3.467787746658987089e+02
1.394000000000000057e+02 3.489223370154913937e+02
1.395999999999999943e+02 3.510654975401872662e+02
1.398000000000000114e+02 3.452082579446015416e+02
1.400000000000000000e+02 3.503506199236650218e+02
1.401999999999999886e+02 3.424925851626931603e+02
1.404000000000000057e+02 3.476341553374543309e+02
1.405999999999999943e+02 3.457753321142374716e+02
1.408000000000000114e+02 3.419161171499195007e+02
1.410000000000000000e+02 3.460565120920315962e+02
1.411999999999999886e+02 3.401965185788254757e+02
1.414000000000000057e+02 3.403361382393388226e+02
1.415999999999999943e+02 3.404753726934600309e+02
1.418000000000000114e+02 3.416142235519926089e+02
1.420000000000000000e+02 3.367526924167193556e+02
1.421999999999999886e+02 3.408907808804650585e+02
1.424000000000000057e+02 3.360284905271597609e+02
1.425999999999999943e+02 3.381658229319006637e+02
1.428000000000000114e+02 3.343027796610139148e+02
1.430000000000000000e+02 3.344393622721158863e+02
1.431999999999999886e+02 3.355755723141735984e+02
1.434000000000000057e+02 3.317114113275652585e+02
1.435999999999999943e+02 3.368468808441394344e+02
1.438000000000000114e+02 3.299819823872747406e+02
1.440000000000000000e+02 3.341167174719380455e+02
1.441999999999999886e+02 3.262510876047428496e+02
1.444000000000000057e+02 3.333850942840070957e+02
1.445999999999999943e+02 3.305187389998102390e+02
1.448000000000000114e+02 3.256520232340498637e+02
1.450000000000000000e+02 3.327849484604982990e+02
1.451999999999999886e+02 3.289175161448581548e+02
1.454000000000000057e+02 3.220497277448177442e+02
1.455999999999999943e+02 3.311815847101059944e+02
1.458000000000000114e+02 3.243130884825468456e+02
1.460000000000000000e+02 3.264442404961133661e+02
1.461999999999999886e+02 3.235750421769810714e+02
1.464000000000000057e+02 3.257054949435813000e+02
1.465999999999999943e+02 3.208356002066536803e+02
1.468000000000000114e+02 3.229653593692985396e+02
1.470000000000000000e+02 3.240947738270285754e+02
1.471999999999999886e+02 3.192238449678203551e+02
1.474000000000000057e+02 3.073525741721653048e+02
1.475999999999999943e+02 3.174809628131201862e+02
1.478000000000000114e+02 3.216090122563572322e+02
1.480000000000000000e+02 3.187367238602141128e+02
1.481999999999999886e+02 3.198640989757430475e+02
1.484000000000000057e+02 3.189911389467598610e+02
1.485999999999999943e+02 3.181178451098925279e+02
1.488000000000000114e+02 3.162442187946292620e+02
1.490000000000000000e+02 3.193702613233664351e+02
1.491999999999999886e+02 3.124959740114557576e+02
1.494000000000000057e+02 3.166213581672515716e+02
1.495999999999999943e+02 3.147464150921572354e+02
1.498000000000000114e+02 3.148711460806713944e+02
1.500000000000000000e+02 3.119955524204340236e+02
1.501999999999999886e+02 3.191196353922719595e+02
1.504000000000000057e+02 3.112433962702438635e+02
1.505999999999999943e+02 3.103668363216850707e+02
1.508000000000000114e+02 3.124899568072522698e+02
1.510000000000000000e+02 3.126127589809672145e+02
1.511999999999999886e+02 3.097352440902609487e+02
1.514000000000000057e+02 3.108574133760166092e+02
1.515999999999999943e+02 3.099792680726129674e+02
1.518000000000000114e+02 3.111008094079670627e+02
1.520000000000000000e+02 3.062220386035762658e+02
1.521999999999999886e+02 3.113429568745606275e+02
1.524000000000000057e+02 3.034635654297045448e+02
1.525999999999999943e+02 3.095838654714980294e+02
1.528000000000000114e+02 3.027038581961779187e+02
1.530000000000000000e+02 3.108235447937684057e+02
1.531999999999999886e+02 3.029429264481217388e+02
1.534000000000000057e+02 3.040620043369580117e+02
1.535999999999999943e+02 3.041807796319052386e+02
1.538000000000000114e+02 3.082992534985385191e+02
1.540000000000000000e+02 3.014174270964196012e+02
1.541999999999999886e+02 3.035353015791354210e+02
1.544000000000000057e+02 3.046528780943368702e+02
1.545999999999999943e+02 3.017701577837767672e+02
1.548000000000000114e+02 3.018871417833482838e+02
1.550000000000000000e+02 3.030038312231222335e+02
1.551999999999999886e+02 2.981202272273847029e+02
1.554000000000000057e+02 3.002363309146739994e+02
1.555999999999999943e+02 3.033521433978173718e+02
1.558000000000000114e+02 3.014676657839678455e+02
1.560000000000000000e+02 2.965828991746403176e+02
1.561999999999999886e+02 2.966978446657473683e+02
1.564000000000000057e+02 3.008125033476351291e+02
1.565999999999999943e+02 2.999268763051188103e+02
1.568000000000000114e+02 2.950409646175175453e+02
1.570000000000000000e+02 2.951547693586894638e+02
1.571999999999999886e+02 2.982682915970663089e+02
1.574000000000000057e+02 2.943815323956877137e+02
1.575999999999999943e+02 2.984944928122354781e+02
1.578000000000000114e+02 2.956071738990671065e+02
1.580000000000000000e+02 2.947195767032495155e+02
1.581999999999999886e+02 2.948317022665925151e+02
1.584000000000000057e+02 2.939435516256816641e+02
1.585999999999999943e+02 2.960551258119111253e+02
1.588000000000000114e+02 2.911664258515163510e+02
1.590000000000000000e+02 2.932774527656061991e+02
1.591999999999999886e+02 2.923882075701953340e+02
1.594000000000000057e+02 2.924986912762357179e+02
1.595999999999999943e+02 2.936089048896484428e+02
1.598000000000000114e+02 2.897188494113551087e+02
1.600000000000000000e+02 2.928285258373086890e+02
1.601999999999999886e+02 2.929379351585247377e+02
1.604000000000000057e+02 2.890470783611119145e+02
1.605999999999999943e+02 2.921559564263023958e+02
1.608000000000000114e+02 2.922645703304822291e+02
1.610000000000000000e+02 2.853729210452211191e+02
1.611999999999999886e+02 2.904810095373022705e+02
1.614000000000000057e+02 2.875888367687520599e+02
1.615999999999999943e+02 2.896964036968691403e+02
1.618000000000000114e+02 2.858037112742537715e+02
1.620000000000000000e+02 2.909107604488364700e+02
1.621999999999999886e+02 2.840175521639068279e+02
1.624000000000000057e+02 2.871240873581421056e+02
1.625999999999999943e+02 2.862303669656351985e+02
1.628000000000000114e+02 2.883363919159228885e+02
1.630000000000000000e+02 2.834421631340135264e+02
1.631999999999999886e+02 2.885476815404149988e+02
1.634000000000000057e+02 2.856529480511617294e+02
1.635999999999999943e+02 2.847579635778421334e+02
1.638000000000000114e+02 2.848627290276257327e+02
1.640000000000000000e+02 2.829672453032898716e+02
1.641999999999999886e+02 2.900715133032463768e+02
1.644000000000000057e+02 2.791755339215680465e+02
1.645999999999999943e+02 2.822793080480147410e+02
1.648000000000000114e+02 2.833828365680597017e+02
1.650000000000000000e+02 2.834861203629153579e+02
1.651999999999999886e+02 2.815891603095587925e+02
1.654000000000000057e+02 2.816919572807574923e+02
1.655999999999999943e+02 2.817945121450945862e+02
1.658000000000000114e+02 2.818968257669940840e+02
1.660000000000000000e+02 2.819988990067454324e+02
1.661999999999999886e+02 2.801007327205288675e+02
1.664000000000000057e+02 2.792023277604395730e+02
1.665999999999999943e+02 2.783036849745122367e+02
1.668000000000000114e+02 2.804048052067454364e+02
1.670000000000000000e+02 2.835056892971252864e+02
1.671999999999999886e+02 2.786063380816499375e+02
1.674000000000000057e+02 2.757067523923528256e+02
1.675999999999999943e+02 2.768069330573263187e+02
1.678000000000000114e+02 2.829068809007453069e+02
1.680000000000000000e+02 2.750065967428902240e+02
1.681999999999999886e+02 2.801060814001700692e+02
1.684000000000000057e+02 2.742053356851455987e+02
1.685999999999999943e+02 2.783043604065516661e+02
1.688000000000000114e+02 2.764031563693200155e+02
1.690000000000000000e+02 2.765017243746016788e+02
1.691999999999999886e+02 2.746000652197892009e+02
1.694000000000000057e+02 2.746981796985386381e+02
1.695999999999999943e+02 2.737960686007917275e+02
1.698000000000000114e+02 2.748937327127973163e+02
1.700000000000000000e+02 2.739911728171333039e+02
1.701999999999999886e+02 2.770883896927280148e+02
1.704000000000000057e+02 2.731853841148814581e+02
1.705999999999999943e+02 2.742821568552866438e+02
1.708000000000000114e+02 2.723787086820503305e+02
1.710000000000000000e+02 2.734750403597143418e+02
1.711999999999999886e+02 2.735711526492758594e+02
1.714000000000000057e+02 2.716670463082082279e+02
1.715999999999999943e+02 2.697627220904815317e+02
1.718000000000000114e+02 2.738581807465825477e+02
1.720000000000000000e+02 2.729534230235350947e+02
1.721999999999999886e+02 2.730484496649202129e+02
1.724000000000000057e+02 2.681432614108957750e+02
1.725999999999999943e+02 2.702378589982163817e+02
1.728000000000000114e+02 2.693322431602529150e+02
1.730000000000000000e+02 2.684264146270120364e+02
1.731999999999999886e+02 2.715203741251553993e+02
1.734000000000000057e+02 2.696141223780191467e+02
1.735999999999999943e+02 2.667076601056326695e+02
1.738000000000000114e+02 2.678009880247377623e+02
1.740000000000000000e+02 2.708941068488072119e+02
1.741999999999999886e+02 2.689870172880637256e+02
1.744000000000000057e+02 2.670797200494982917e+02
1.745999999999999943e+02 2.681722158368886539e+02
1.748000000000000114e+02 2.672645053508178421e+02
1.750000000000000000e+02 2.653565892886917936e+02
1.751999999999999886e+02 2.724484683447579982e+02
1.754000000000000057e+02 2.615401432101231194e+02
1.755999999999999943e+02 2.546316145727706726e+02
1.758000000000000114e+02 2.657228831175791015e+02
1.760000000000000000e+02 2.688139495263390017e+02
1.761999999999999886e+02 2.619048144777707421e+02
1.764000000000000057e+02 2.689954786475416313e+02
1.765999999999999943e+02 2.620859427082832553e+02
1.768000000000000114e+02 2.661762073296085305e+02
1.770000000000000000e+02 2.622662731781286993e+02
1.771999999999999886e+02 2.663561409174701566e+02
1.774000000000000057e+02 2.644458112082911043e+02
1.775999999999999943e+02 2.645352847082984908e+02
1.778000000000000114e+02 2.616245620722640979e+02
1.780000000000000000e+02 2.657136439520413660e+02
1.781999999999999886e+02 2.658025309965813676e+02
1.784000000000000057e+02 2.628912238519492348e+02
1.785999999999999943e+02 2.629797231613400754e+02
1.788000000000000114e+02 2.650680295650950029e+02
1.790000000000000000e+02 2.621561437007170525e+02
1.791999999999999886e+02 2.622440662028868701e+02
1.794000000000000057e+02 2.633317977034784576e+02
1.795999999999999943e+02 2.634193388315746347e+02
1.798000000000000114e+02 2.655066902134825568e+02
1.800000000000000000e+02 2.625938524727488357e+02
1.801999999999999886e+02 2.646808262301752848e+02
1.804000000000000057e+02 2.597676121038335282e+02
1.805999999999999943e+02 2.628542107090802915e+02
1.808000000000000114e+02 2.629406226585723516e+02
1.810000000000000000e+02 2.620268485622813728e+02
1.811999999999999886e+02 2.601128890275085723e+02
1.814000000000000057e+02 2.611987446588994430e+02
1.815999999999999943e+02 2.632844160584581914e+02
1.818000000000000114e+02 2.613699038255624600e+02
1.820000000000000000e+02 2.614552085569774249e+02
1.821999999999999886e+02 2.645403308468700629e+02
1.824000000000000057e+02 2.576252712868235335e+02
1.825999999999999943e+02 2.617100304658511050e+02
1.828000000000000114e+02 2.607946089704101951e+02
1.830000000000000000e+02 2.618790073844161270e+02
1.831999999999999886e+02 2.609632262892562267e+02
1.834000000000000057e+02 2.580472662638032375e+02
1.835999999999999943e+02 2.611311278844291337e+02
1.838000000000000114e+02 2.632148117250185919e+02
1.840000000000000000e+02 2.612983183569824064e+02
1.841999999999999886e+02 2.573816483492709608e+02
1.844000000000000057e+02 2.634648022683874160e+02
1.845999999999999943e+02 2.585477806784008976e+02
1.848000000000000114e+02 2.596305841409595700e+02
1.850000000000000000e+02 2.607132132153038810e+02
1.851999999999999886e+02 2.597956684582790672e+02
1.854000000000000057e+02 2.578779504243485121e+02
1.855999999999999943e+02 2.609600596656060816e+02
1.858000000000000114e+02 2.580419967317891405e+02
1.860000000000000000e+02 2.601237621702907745e+02
