# energy (eV)  EELS (a.u)
2.600000000000000089e+00 6.339221181434777463e+01
2.799999000000000127e+00 -2.688394875853782651e+01
3.000000000000000000e+00 -5.156842774265714979e+01
3.199999000000000038e+00 -3.495144918756795960e+01
3.399999999999999911e+00 6.682176322784926015e+01
3.600000000000000089e+00 1.783161626158248509e+02
3.799999000000000127e+00 2.972181555317783932e+02
4.000000000000000000e+00 4.158947856698218857e+02
4.199999000000000038e+00 5.256215550156780409e+02
4.400000000000000355e+00 6.227810142340122184e+02
4.599999999999999645e+00 7.025288599117779995e+02
4.799998999999999683e+00 7.662036148390691324e+02
5.000000000000000000e+00 8.205783894566714025e+02
5.199999000000000038e+00 8.680213854410060321e+02
5.400000000000000355e+00 8.966105114314971161e+02
5.599999999999999645e+00 9.222040865460151053e+02
5.799998999999999683e+00 9.364968808248031564e+02
6.000000000000000000e+00 9.550578712519986766e+02
6.199999000000000038e+00 9.653560671808461393e+02
6.400000000000000355e+00 9.717843482485084223e+02
6.599999999999999645e+00 9.826722099087837705e+02
6.799998999999999683e+00 9.952996637960054613e+02
7.000000000000000000e+00 1.003906346109561127e+03
7.199999000000000038e+00 1.022697368706952830e+03
7.400000000000000355e+00 1.034851203895925664e+03
7.599999999999999645e+00 1.049522245954181017e+03
7.799998999999999683e+00 1.073845852288009155e+03
8.000000000000000000e+00 1.082941245418030803e+03
8.200001000000000317e+00 1.112913116561284141e+03
8.400002000000000635e+00 1.125854436185862141e+03
8.599997999999999365e+00 1.141847466715153132e+03
8.799998999999999683e+00 1.163966940237344943e+03
9.000000000000000000e+00 1.189278538519657559e+03
9.200001000000000317e+00 1.213841705727204499e+03
9.400002000000000635e+00 1.247710027807775987e+03
9.599997999999999365e+00 1.284931600579522183e+03
9.799998999999999683e+00 1.320551048006022484e+03
1.000000000000000000e+01 1.368607916543102419e+03
1.019999999999999929e+01 1.411138504340660347e+03
1.040000000000000036e+01 1.470176079425159060e+03
1.059999999999999964e+01 1.530751026664961728e+03
1.080000000000000071e+01 1.595891211800209476e+03
1.100000000000000000e+01 1.668622241519682120e+03
1.119999999999999929e+01 1.753967691628107787e+03
1.140000000000000036e+01 1.838949307813355517e+03
1.159999999999999964e+01 1.931587182805171324e+03
1.180000000000000071e+01 2.034899913125887451e+03
1.200000000000000000e+01 2.156904738144447947e+03
1.219999999999999929e+01 2.285617663738866668e+03
1.240000000000000036e+01 2.422053572533493934e+03
1.259999999999999964e+01 2.556226322393949886e+03
1.280000000000000071e+01 2.711148834624426854e+03
1.300000000000000000e+01 2.884833173111323504e+03
1.319999999999999929e+01 3.045290615487406285e+03
1.340000000000000036e+01 3.210531717246660719e+03
1.359999999999999964e+01 3.365566369617426062e+03
1.380000000000000071e+01 3.538403851896786819e+03
1.400000000000000000e+01 3.710052878859641169e+03
1.419999999999999929e+01 3.882521643778998623e+03
1.440000000000000036e+01 4.061817857527921660e+03
1.459999999999999964e+01 4.220948784176435765e+03
1.480000000000000071e+01 4.415921273447370368e+03
1.500000000000000000e+01 4.598741790352288263e+03
1.519999999999999929e+01 4.779416442291469139e+03
1.540000000000000036e+01 4.995951003869497981e+03
1.559999999999999964e+01 5.189350939649742031e+03
1.580000000000000071e+01 5.392621425046258082e+03
1.600000000000000000e+01 5.614767365529976814e+03
1.619999999999999929e+01 5.814793414306983323e+03
1.639999999999999858e+01 6.009703988609950102e+03
1.660000000000000142e+01 6.168503284728991275e+03
1.680000000000000071e+01 6.309195291895186529e+03
1.700000000000000000e+01 6.400783805118445343e+03
1.719999999999999929e+01 6.463272437071197601e+03
1.739999999999999858e+01 6.450664629100254388e+03
1.760000000000000142e+01 6.395963661441168369e+03
1.780000000000000071e+01 6.288172662702188063e+03
1.800000000000000000e+01 6.138294618678507504e+03
1.819999999999999929e+01 5.952332380551772985e+03
1.839999999999999858e+01 5.729288672524689900e+03
1.860000000000000142e+01 5.501166098935977061e+03
1.880000000000000071e+01 5.241967150896790372e+03
1.900000000000000000e+01 4.999694212486057040e+03
1.919999999999999929e+01 4.744349566538813633e+03
1.939999999999999858e+01 4.505935400058639971e+03
1.960000000000000142e+01 4.276453809282615111e+03
1.980000000000000071e+01 4.053906804424725578e+03
2.000000000000000000e+01 3.855296314121502292e+03
2.019999999999999929e+01 3.665624189601628132e+03
2.039999999999999858e+01 3.477892208599474998e+03
2.060000000000000142e+01 3.317102079030873028e+03
2.080000000000000071e+01 3.173255442447931728e+03
2.100000000000000000e+01 3.028353877288378953e+03
2.119999999999999929e+01 2.900398901933648631e+03
2.139999999999999858e+01 2.780391977588826649e+03
2.160000000000000142e+01 2.674334510996547124e+03
2.180000000000000071e+01 2.576227856995985348e+03
2.200000000000000000e+01 2.475073320937251992e+03
2.219999999999999929e+01 2.383872160960708243e+03
2.239999999999999858e+01 2.303625590150007611e+03
2.260000000000000142e+01 2.225334778567015746e+03
2.280000000000000071e+01 2.154000855176164805e+03
2.300000000000000000e+01 2.075624909665238647e+03
2.319999999999999929e+01 2.007207994169092217e+03
2.339999999999999858e+01 1.946751124902335050e+03
2.360000000000000142e+01 1.896255283706585033e+03
2.380000000000000071e+01 1.837721419517502454e+03
2.400000000000000000e+01 1.784150449756459238e+03
2.419999999999999929e+01 1.738543261651352168e+03
2.439999999999999858e+01 1.690900713490773342e+03
2.460000000000000142e+01 1.643223635815454827e+03
2.480000000000000071e+01 1.600512832550652092e+03
2.500000000000000000e+01 1.558769082082876594e+03
2.519999999999999929e+01 1.522993138284171437e+03
2.539999999999999858e+01 1.484185731486910072e+03
2.560000000000000142e+01 1.451347569411909717e+03
2.580000000000000071e+01 1.414479338052463618e+03
2.600000000000000000e+01 1.382581702516739369e+03
2.619999999999999929e+01 1.348655307830831362e+03
2.639999999999999858e+01 1.317700779704609204e+03
2.660000000000000142e+01 1.295718725262377575e+03
2.680000000000000071e+01 1.270709733740232878e+03
2.700000000000000000e+01 1.244674377151889530e+03
2.719999999999999929e+01 1.224613210924638679e+03
2.739999999999999858e+01 1.200526774507005712e+03
2.760000000000000142e+01 1.178415591949576083e+03
2.780000000000000071e+01 1.160280172460372114e+03
2.800000000000000000e+01 1.144121010936085440e+03
2.819999999999999929e+01 1.122938588470386321e+03
2.839999999999999858e+01 1.105733372840470565e+03
2.860000000000000142e+01 1.095505818972927955e+03
2.880000000000000071e+01 1.083256369389960355e+03
2.900000000000000000e+01 1.068985454636918348e+03
2.919999999999999929e+01 1.058693493692068159e+03
2.939999999999999858e+01 1.047380894359453578e+03
2.960000000000000142e+01 1.034048053645666187e+03
2.980000000000000071e+01 1.027695358121295158e+03
3.000000000000000000e+01 1.015323184267782608e+03
3.019999999999999929e+01 1.007931898810376538e+03
3.039999999999999858e+01 9.995218590378278805e+02
3.060000000000000142e+01 9.940934131094522854e+02
3.080000000000000071e+01 9.876469003501384805e+02
3.100000000000000000e+01 9.821826515338556192e+02
3.119999999999999929e+01 9.717009891561855284e+02
3.139999999999999858e+01 9.692022276963743934e+02
3.160000000000000142e+01 9.616866738693763637e+02
3.180000000000000071e+01 9.551546268683351855e+02
3.200000000000000000e+01 9.536063785979283693e+02
3.220000000000000284e+01 9.500422138989757741e+02
3.239999999999999858e+01 9.404624107646953917e+02
3.260000000000000142e+01 9.328672405489696757e+02
3.279999999999999716e+01 9.282569681669668853e+02
3.300000000000000000e+01 9.216318522884458844e+02
3.320000000000000284e+01 9.149921455240566956e+02
3.339999999999999858e+01 9.093380946049330760e+02
3.360000000000000142e+01 9.026699405558590570e+02
3.379999999999999716e+01 8.949879188622807078e+02
3.400000000000000000e+01 8.882922596314153907e+02
3.420000000000000284e+01 8.755831877477053240e+02
3.439999999999999858e+01 8.698609230228464639e+02
3.460000000000000142e+01 8.581256803406138260e+02
3.479999999999999716e+01 8.483776697966954998e+02
3.500000000000000000e+01 8.386170968337357863e+02
3.520000000000000284e+01 8.248441623717785660e+02
3.539999999999999858e+01 8.150590629342962075e+02
3.560000000000000142e+01 8.012619907699772739e+02
3.579999999999999716e+01 7.904531339704399215e+02
3.600000000000000000e+01 7.806326765840326516e+02
3.620000000000000284e+01 7.648007987258697540e+02
3.639999999999999858e+01 7.529576766842535562e+02
3.660000000000000142e+01 7.391034830236171729e+02
3.679999999999999716e+01 7.242383866841230429e+02
3.700000000000000000e+01 7.163625530780437884e+02
3.720000000000000284e+01 6.974761441830484046e+02
3.739999999999999858e+01 6.845793186325074657e+02
3.760000000000000142e+01 6.786722318029308099e+02
3.779999999999999716e+01 6.617550358986445644e+02
3.800000000000000000e+01 6.498278800338073324e+02
3.820000000000000284e+01 6.398909103118651274e+02
3.839999999999999858e+01 6.259442699025391903e+02
3.860000000000000142e+01 6.139880991164338866e+02
3.879999999999999716e+01 6.110225354773539266e+02
3.900000000000000000e+01 5.990477137924101498e+02
3.920000000000000284e+01 5.950637662199953866e+02
3.939999999999999858e+01 5.890708223357047473e+02
3.960000000000000142e+01 5.930690091962745782e+02
3.979999999999999716e+01 6.020584514016072717e+02
4.000000000000000000e+01 6.150392711549518481e+02
4.020000000000000284e+01 6.270115883213023835e+02
4.039999999999999858e+01 6.439755204840777196e+02
4.060000000000000142e+01 6.599311830001397539e+02
4.079999999999999716e+01 6.758786890532096550e+02
4.100000000000000000e+01 6.788181497057341858e+02
4.120000000000000284e+01 6.797496739492564757e+02
4.139999999999999858e+01 6.776733687533421744e+02
4.160000000000000142e+01 6.765893391131064618e+02
4.179999999999999716e+01 6.764976880953927321e+02
4.200000000000000000e+01 6.813985168836452431e+02
4.220000000000000284e+01 6.732919248215189327e+02
4.239999999999999858e+01 6.621780094552697165e+02
4.260000000000000142e+01 6.450568665749641468e+02
4.279999999999999716e+01 6.189285902545456111e+02
4.300000000000000000e+01 6.007932728907974251e+02
4.320000000000000284e+01 5.676510052412347704e+02
4.339999999999999858e+01 5.475018764609634445e+02
4.360000000000000142e+01 5.243459741385354391e+02
4.379999999999999716e+01 5.021833843308347696e+02
4.400000000000000000e+01 4.850141915970248760e+02
4.420000000000000284e+01 4.678384790315853934e+02
4.439999999999999858e+01 4.536563282964684731e+02
4.460000000000000142e+01 4.414678196524014311e+02
4.479999999999999716e+01 4.252730319893620390e+02
4.500000000000000000e+01 4.200720428562532334e+02
4.520000000000000284e+01 4.068649284898000928e+02
4.539999999999999858e+01 4.006517638426946064e+02
4.560000000000000142e+01 3.914326226110100606e+02
4.579999999999999716e+01 3.872075772609082378e+02
4.600000000000000000e+01 3.769766990546596048e+02
4.620000000000000284e+01 3.757400580759980357e+02
4.639999999999999858e+01 3.684977232548301913e+02
4.660000000000000142e+01 3.692497623913177449e+02
4.679999999999999716e+01 3.619962421793524072e+02
4.700000000000000000e+01 3.597372282294404613e+02
4.720000000000000284e+01 3.574727850910152256e+02
4.739999999999999858e+01 3.542029762741933610e+02
4.760000000000000142e+01 3.529278642709925293e+02
4.779999999999999716e+01 3.476475105760236488e+02
4.800000000000000000e+01 3.483619757066760485e+02
4.820000000000000284e+01 3.420713192228078015e+02
4.839999999999999858e+01 3.447755997459559580e+02
4.860000000000000142e+01 3.404748749780813455e+02
4.879999999999999716e+01 3.371692017198597568e+02
4.900000000000000000e+01 3.338586358885335130e+02
4.920000000000000284e+01 3.325432325353349938e+02
4.939999999999999858e+01 3.302230458624948142e+02
4.960000000000000142e+01 3.278981292398456731e+02
4.979999999999999716e+01 3.255685352210335850e+02
5.000000000000000000e+01 3.222343155593470669e+02
5.020000000000000284e+01 3.208955212231750238e+02
5.039999999999999858e+01 3.155522024111035080e+02
5.060000000000000142e+01 3.152044085666610727e+02
5.079999999999999716e+01 3.128521883927224394e+02
5.100000000000000000e+01 3.094955898655799729e+02
5.120000000000000284e+01 3.111346602486914321e+02
5.139999999999999858e+01 3.067694461061133779e+02
5.160000000000000142e+01 3.033999933156278530e+02
5.179999999999999716e+01 3.040263470815713163e+02
5.200000000000000000e+01 3.036485519473733348e+02
5.220000000000000284e+01 3.012666518078127638e+02
5.239999999999999858e+01 3.008806899209989751e+02
5.260000000000000142e+01 3.024907089200855239e+02
5.279999999999999716e+01 3.010967508247225624e+02
5.300000000000000000e+01 2.976988570522556756e+02
5.320000000000000284e+01 2.992970684286774485e+02
5.339999999999999858e+01 2.968914251993376752e+02
5.360000000000000142e+01 2.964819670394194873e+02
5.379999999999999716e+01 2.980687330641858352e+02
5.400000000000000000e+01 2.986517618390041662e+02
5.420000000000000284e+01 3.002310913891533914e+02
5.439999999999999858e+01 2.958067592094188285e+02
5.460000000000000142e+01 2.993788022734817105e+02
5.479999999999999716e+01 3.009472570431071290e+02
5.500000000000000000e+01 3.005121594771358673e+02
5.520000000000000284e+01 3.000735450402850120e+02
5.539999999999999858e+01 3.016314487117628005e+02
5.560000000000000142e+01 3.011859049937008876e+02
5.579999999999999716e+01 3.017369479194098858e+02
5.600000000000000000e+01 3.052846110614619874e+02
5.620000000000000284e+01 3.038289275396048765e+02
5.639999999999999858e+01 3.023699300285106233e+02
5.660000000000000142e+01 3.039076507653651333e+02
5.679999999999999716e+01 3.074421215573000836e+02
5.700000000000000000e+01 3.069733737886723475e+02
5.720000000000000284e+01 3.085014384281943194e+02
5.739999999999999858e+01 3.090263460359187775e+02
5.760000000000000142e+01 3.075481267700813532e+02
5.779999999999999716e+01 3.120668103938045306e+02
5.800000000000000000e+01 3.125824262816664714e+02
5.820000000000000284e+01 3.120950034261372821e+02
5.839999999999999858e+01 3.136045704438861321e+02
5.860000000000000142e+01 3.171111555819632031e+02
5.879999999999999716e+01 3.136147867238572644e+02
5.900000000000000000e+01 3.161154913954342192e+02
5.920000000000000284e+01 3.156132967707576427e+02
5.939999999999999858e+01 3.191082296777946112e+02
5.960000000000000142e+01 3.186003166040099472e+02
5.979999999999999716e+01 3.230895837018503585e+02
6.000000000000000000e+01 3.205760567941223940e+02
6.020000000000000284e+01 3.240597613792651259e+02
6.039999999999999858e+01 3.215407226365213660e+02
6.060000000000000142e+01 3.240189654310088372e+02
6.079999999999999716e+01 3.244945143186934047e+02
6.100000000000000000e+01 3.269673935512681737e+02
6.120000000000000284e+01 3.284376270809375455e+02
6.139999999999999858e+01 3.279052385651120289e+02
6.160000000000000142e+01 3.303702513710128414e+02
6.179999999999999716e+01 3.288326885801897106e+02
6.200000000000000000e+01 3.332925729929536374e+02
6.220000000000000284e+01 3.337499271327263841e+02
6.239999999999999858e+01 3.332047732503082216e+02
6.260000000000000142e+01 3.356571333280663225e+02
6.279999999999999716e+01 3.341070290840453936e+02
6.300000000000000000e+01 3.375544819760015116e+02
6.320000000000000284e+01 3.399995132053621774e+02
6.339999999999999858e+01 3.384421437211125294e+02
6.360000000000000142e+01 3.378823942236112998e+02
6.379999999999999716e+01 3.403202851683357721e+02
6.400000000000000000e+01 3.427558367695595507e+02
6.420000000000000284e+01 3.411890690039624587e+02
6.439999000000000251e+01 3.406199801247068990e+02
6.460000999999999749e+01 3.430486754882044806e+02
6.479999999999999716e+01 3.414750457831374888e+02
6.500000000000000000e+01 3.458991956879209511e+02
6.520000000000000284e+01 3.443211226672381144e+02
6.539999000000000251e+01 3.457408244131194124e+02
6.560000999999999749e+01 3.471584029513576297e+02
6.579999999999999716e+01 3.505737512187982929e+02
6.600000000000000000e+01 3.489869706047089721e+02
6.620000000000000284e+01 3.533980580721768092e+02
6.639999000000000251e+01 3.528070108087828203e+02
6.660000999999999749e+01 3.592139276791452858e+02
6.679999999999999716e+01 3.566187038085140557e+02
6.700000000000000000e+01 3.640214374631956389e+02
6.720000000000000284e+01 3.644221251561555164e+02
6.739999000000000251e+01 3.688207636217118761e+02
6.760000999999999749e+01 3.672174487210545522e+02
6.779999999999999716e+01 3.736120777091664422e+02
6.800000000000000000e+01 3.760047458841871162e+02
6.820000000000000284e+01 3.843954493554607552e+02
6.839999000000000251e+01 3.817841844503131483e+02
6.860000999999999749e+01 3.831710441735588120e+02
6.879999999999999716e+01 3.895559278524361844e+02
6.900000000000000000e+01 3.929389279612935866e+02
6.920000000000000284e+01 3.943200402479001241e+02
6.939999000000000251e+01 3.946992606744533987e+02
6.960000999999999749e+01 4.020766795266554254e+02
6.979999999999999716e+01 4.004521981478005728e+02
7.000000000000000000e+01 4.008259063232746939e+02
7.020000000000000284e+01 4.051977994773240539e+02
7.039999000000000251e+01 4.075678732449296149e+02
7.060000999999999749e+01 4.069362153209664257e+02
7.079999999999999716e+01 4.123027290099213360e+02
7.100000000000000000e+01 4.116675015342877941e+02
7.120000000000000284e+01 4.190305280292547536e+02
7.139999000000000251e+01 4.133918038369471901e+02
7.160000999999999749e+01 4.187514141814530717e+02
7.179999999999999716e+01 4.221092642749671313e+02
7.200000000000000000e+01 4.214654388951108785e+02
7.220000000000000284e+01 4.228199329192570985e+02
7.239999000000000251e+01 4.211727414278410606e+02
7.260000999999999749e+01 4.245239472866204551e+02
7.279999999999999716e+01 4.298734575634175599e+02
7.300000000000000000e+01 4.312213547015948052e+02
7.320000000000000284e+01 4.295676333490474690e+02
7.339999000000000251e+01 4.309122883528103785e+02
7.360000999999999749e+01 4.322554003257835120e+02
7.379999999999999716e+01 4.345968781407534607e+02
7.400000000000000000e+01 4.349368020106108474e+02
7.420000000000000284e+01 4.342751663794956016e+02
7.439999000000000251e+01 4.386119658867373232e+02
7.460000999999999749e+01 4.369472789914091209e+02
7.479999999999999716e+01 4.412810163220196955e+02
7.500000000000000000e+01 4.396132559584752357e+02
7.520000000000000284e+01 4.399439921645225695e+02
7.539999000000000251e+01 4.412732193951394493e+02
7.560000999999999749e+01 4.436010140486536102e+02
7.579999999999999716e+01 4.429272884614688905e+02
7.600000000000000000e+01 4.442521186721738786e+02
7.620000000000000284e+01 4.485754987853524653e+02
7.639999000000000251e+01 4.428974230928676548e+02
7.660000999999999749e+01 4.452179660198820557e+02
7.679999999999999716e+01 4.485370415642703392e+02
7.700000000000000000e+01 4.478547238095851526e+02
7.720000000000000284e+01 4.481710067205497694e+02
7.739999000000000251e+01 4.504858844452350013e+02
7.760000999999999749e+01 4.477994295181248390e+02
7.779999999999999716e+01 4.531115575535255857e+02
7.800000000000000000e+01 4.524223407612468009e+02
7.820000000000000284e+01 4.507317729837087654e+02
7.839999000000000251e+01 4.520398482427787030e+02
7.860000999999999749e+01 4.513466372600265686e+02
7.879999999999999716e+01 4.526520572225135766e+02
7.900000000000000000e+01 4.549561785429723386e+02
7.920000000000000284e+01 4.532589949574968387e+02
7.939999000000000251e+01 4.515605003777676529e+02
7.960000999999999749e+01 4.548607637858228259e+02
7.979999999999999716e+01 4.541597038991383215e+02
8.000000000000000000e+01 4.544573894057398320e+02
8.020000000000000284e+01 4.527538139499380350e+02
8.039999000000000251e+01 4.540489713478176554e+02
8.060000999999999749e+01 4.543429289111950311e+02
8.079999999999999716e+01 4.566356068469283969e+02
8.100000000000000000e+01 4.539270721867129623e+02
8.120000000000000284e+01 4.572173184963174890e+02
8.139999000000000251e+01 4.575063395095272085e+02
8.160000999999999749e+01 4.567942009334583418e+02
8.179999999999999716e+01 4.610808244245962442e+02
8.200000000000000000e+01 4.573662754229653729e+02
8.220000000000000284e+01 4.636505474278520182e+02
8.239999000000000251e+01 4.599336341028607080e+02
8.260000999999999749e+01 4.632155996124018884e+02
8.279999999999999716e+01 4.654963670240778129e+02
8.300000000000000000e+01 4.637760002474391285e+02
8.320000000000000284e+01 4.650544927262742476e+02
8.339999000000000251e+01 4.673318380650550239e+02
8.360000999999999749e+01 4.666080989441918518e+02
8.379999999999999716e+01 4.698831998051053347e+02
8.400000000000000000e+01 4.691572030848400345e+02
8.420000000000000284e+01 4.694301021816929733e+02
8.439999000000000251e+01 4.727018906510763827e+02
8.460000999999999749e+01 4.759726297450377501e+02
8.479999999999999716e+01 4.732422452426945938e+02
8.500000000000000000e+01 4.765107981635387659e+02
8.520000000000000284e+01 4.777782818694917069e+02
8.539999000000000251e+01 4.750446898760907288e+02
8.560000999999999749e+01 4.773100820597908296e+02
8.579999999999999716e+01 4.205743855024282993e+02
8.600000000000000000e+01 4.798376598580787800e+02
8.620000000000000284e+01 4.790998984605915894e+02
8.639999000000000251e+01 4.793610947940044298e+02
8.660000999999999749e+01 4.806213074092696615e+02
8.679999999999999716e+01 4.798804646570729915e+02
8.700000000000000000e+01 4.831386248755750330e+02
8.720000000000000284e+01 4.803957813781165669e+02
8.739999000000000251e+01 4.786519276248717460e+02
8.760000999999999749e+01 4.819071208888714182e+02
8.779999999999999716e+01 4.801612907568559194e+02
8.800000000000000000e+01 4.784144942981047848e+02
8.820000000000000284e+01 4.816667248123383160e+02
8.839999000000000251e+01 4.769179757428282755e+02
8.860000999999999749e+01 4.791683031299154436e+02
8.879999999999999716e+01 4.764176377646398350e+02
8.900000000000000000e+01 4.776660354921222620e+02
8.920000000000000284e+01 4.739134896047336838e+02
8.939999000000000251e+01 4.731599935351881072e+02
8.960000999999999749e+01 4.734056021341640417e+02
8.979999999999999716e+01 4.726502473662530974e+02
9.000000000000000000e+01 4.718939838949712566e+02
9.020000000000000284e+01 4.691368050110474428e+02
9.039999000000000251e+01 4.683787041424189965e+02
9.060000999999999749e+01 4.686197349910623302e+02
9.079999999999999716e+01 4.698598306653458394e+02
9.100000000000000000e+01 4.650990446876991200e+02
9.120000000000000284e+01 4.663373703524009670e+02
9.139999000000000251e+01 4.635748010878776881e+02
9.160000999999999749e+01 4.638113894864211488e+02
9.179999999999999716e+01 4.620470697713435015e+02
9.200000000000000000e+01 4.602818943625931638e+02
9.220000000000000284e+01 4.615158565627198186e+02
9.239999000000000251e+01 4.587489498054322894e+02
9.260000999999999749e+01 4.609812256105298616e+02
9.279999999999999716e+01 4.552126192883445128e+02
9.300000000000000000e+01 4.614431821931507329e+02
9.320000000000000284e+01 4.546729076400581562e+02
9.339999000000000251e+01 4.539017890724199447e+02
9.360000999999999749e+01 4.541298769730167919e+02
9.379999999999999716e+01 4.533571077121553117e+02
9.400000000000000000e+01 4.495835316135508606e+02
9.420000000000000284e+01 4.508091420087669121e+02
9.439999000000000251e+01 4.480339323547669323e+02
9.460000999999999749e+01 4.482579521311697590e+02
9.479999999999999716e+01 4.494811387420600113e+02
9.500000000000000000e+01 4.447035415141140788e+02
9.520000000000000284e+01 4.449251537988820928e+02
9.539999000000000251e+01 4.391459690705402750e+02
9.560000999999999749e+01 4.423660358378787123e+02
9.579999999999999716e+01 4.395852925133823419e+02
9.600000000000000000e+01 4.378037874587068927e+02
9.620000000000000284e+01 4.350215140485894949e+02
9.639999000000000251e+01 4.322384657776894983e+02
9.660000999999999749e+01 4.334546902148638310e+02
9.679999999999999716e+01 4.306701267564109799e+02
9.700000000000000000e+01 4.298848228295669287e+02
9.720000000000000284e+01 4.270987718351524336e+02
9.739999000000000251e+01 4.273119672912747546e+02
9.760000999999999749e+01 4.255244558563972532e+02
9.779999999999999716e+01 4.237361778868086049e+02
9.800000000000000000e+01 4.209471799045879266e+02
9.820000000000000284e+01 4.201574553392574671e+02
9.839999000000000251e+01 4.183669977350570548e+02
9.860000999999999749e+01 4.175758528683153372e+02
9.879999999999999716e+01 4.137839620322241672e+02
9.900000000000000000e+01 4.149913708717052145e+02
9.920000000000000284e+01 4.121980728473441786e+02
9.939999000000000251e+01 4.084040615319410676e+02
9.960000999999999749e+01 4.076093818467380743e+02
9.979999999999999716e+01 4.128139759994543283e+02
1.000000000000000000e+02 4.040178887846589078e+02
1.002000000000000028e+02 4.062211136961278726e+02
1.004000000000000057e+02 4.034236544474088646e+02
1.005999999999999943e+02 3.986255147245112767e+02
1.007999999999999972e+02 4.008266981861659133e+02
1.010000000000000000e+02 4.000272084640815820e+02
1.012000000000000028e+02 3.952270491631985578e+02
1.014000000000000057e+02 3.934262238619395475e+02
1.015999999999999943e+02 3.966247361124574127e+02
1.017999999999999972e+02 3.918225894408804493e+02
1.020000000000000000e+02 3.890197873475545975e+02
1.022000000000000028e+02 3.892163333072830937e+02
1.024000000000000057e+02 3.874122307695631662e+02
1.025999999999999943e+02 3.836074831588206848e+02
1.027999999999999972e+02 3.858020938746411730e+02
1.030000000000000000e+02 3.799960662919994547e+02
1.032000000000000028e+02 3.811894037614854369e+02
1.034000000000000057e+02 3.733821096095286975e+02
1.035999999999999943e+02 3.745741871386193225e+02
1.037999999999999972e+02 3.717656396275274346e+02
1.040000000000000000e+02 3.719564703315190854e+02
1.042000000000000028e+02 3.661466824825708954e+02
1.044000000000000057e+02 3.643362792895818529e+02
1.045999999999999943e+02 3.615252639385822135e+02
1.047999999999999972e+02 3.637136395929413766e+02
1.050000000000000000e+02 3.569014093935720666e+02
1.052000000000000028e+02 3.550885764591334919e+02
1.054000000000000057e+02 3.482751438862313762e+02
1.055999999999999943e+02 3.504611147496162857e+02
1.057999999999999972e+02 3.476464921023799093e+02
1.060000000000000000e+02 3.418312789761484964e+02
1.062000000000000028e+02 3.390154783812751589e+02
1.064000000000000057e+02 3.381990933070293295e+02
1.065999999999999943e+02 3.343821267217843456e+02
1.067999999999999972e+02 3.325645815732035544e+02
1.070000000000000000e+02 3.307464607884236898e+02
1.072000000000000028e+02 3.269277672742362597e+02
1.074000000000000057e+02 3.221085039172679103e+02
1.075999999999999943e+02 3.192886735841577206e+02
1.077999999999999972e+02 3.194682791217334170e+02
1.080000000000000000e+02 3.136473233571852006e+02
1.082000000000000028e+02 3.148258090982380963e+02
1.084000000000000057e+02 3.080037391333221990e+02
1.085999999999999943e+02 3.051811162317411572e+02
1.087999999999999972e+02 3.053579431438391225e+02
1.090000000000000000e+02 3.005342226011656521e+02
1.092000000000000028e+02 2.957099573166387927e+02
1.094000000000000057e+02 2.928851499847067998e+02
1.095999999999999943e+02 2.920598032815079819e+02
1.097999999999999972e+02 2.912339198650288381e+02
1.100000000000000000e+02 2.864075023752604920e+02
1.102000000000000028e+02 2.825805534343534760e+02
1.104000000000000057e+02 2.807530756467713218e+02
1.105999999999999943e+02 2.799250715994417078e+02
1.107999999999999972e+02 2.780965438619070937e+02
1.110000000000000000e+02 2.712674949864728546e+02
1.112000000000000028e+02 2.704379275083542780e+02
1.114000000000000057e+02 2.666078439458221396e+02
1.115999999999999943e+02 2.677772468003468020e+02
1.117999999999999972e+02 2.639461385567402658e+02
1.120000000000000000e+02 2.601145216832977667e+02
1.122000000000000028e+02 2.592823986319367009e+02
1.124000000000000057e+02 2.574497718383352662e+02
1.125999999999999943e+02 2.526166437220688579e+02
1.127999999999999972e+02 2.507830166867456683e+02
1.130000000000000000e+02 2.499488931201404114e+02
1.132000000000000028e+02 2.481142753943269668e+02
1.134000000000000057e+02 2.432791658658097163e+02
1.135999999999999943e+02 2.434435668756532891e+02
1.137999999999999972e+02 2.416074807496113124e+02
1.140000000000000000e+02 2.367709097982536264e+02
1.142000000000000028e+02 2.359338563170922498e+02
1.144000000000000057e+02 2.340963225867062079e+02
1.145999999999999943e+02 2.312583108728649961e+02
1.147999999999999972e+02 2.324198234266509075e+02
1.150000000000000000e+02 2.265808624845798249e+02
1.152000000000000028e+02 2.247414302687212739e+02
1.154000000000000057e+02 2.239015289868170555e+02
1.155999999999999943e+02 2.200611608323984285e+02
1.157999999999999972e+02 2.222203279849027240e+02
1.160000000000000000e+02 2.173790326097882257e+02
1.162000000000000028e+02 2.165372768586481982e+02
1.164000000000000057e+02 2.126950628693238627e+02
1.165999999999999943e+02 2.098523927660159245e+02
1.167999999999999972e+02 2.130092686593955023e+02
1.170000000000000000e+02 2.091656926467133246e+02
1.172000000000000028e+02 2.043216668119085568e+02
1.174000000000000057e+02 2.054771932257159506e+02
1.175999999999999943e+02 2.026322739457723117e+02
1.177999999999999972e+02 2.037869110167218594e+02
1.180000000000000000e+02 2.009411064703204488e+02
1.182000000000000028e+02 1.980948623255388554e+02
1.184000000000000057e+02 1.972481805886651216e+02
1.185999999999999943e+02 1.924010632534057663e+02
1.187999999999999972e+02 1.945535123009861707e+02
1.190000000000000000e+02 1.927055297002497980e+02
1.192000000000000028e+02 1.888571174077565900e+02
1.194000000000000057e+02 1.890082773678805665e+02
1.195999999999999943e+02 1.881590115129060905e+02
1.197999999999999972e+02 1.883093217631235632e+02
1.200000000000000000e+02 1.814592100269239552e+02
1.202000000000000028e+02 1.806086782008927401e+02
1.204000000000000057e+02 1.797577281699025207e+02
1.205999999999999943e+02 1.799063618072051725e+02
1.207999999999999972e+02 1.790545809745228212e+02
1.210000000000000000e+02 1.782023875221381104e+02
1.212000000000000028e+02 1.713497832889835024e+02
1.214000000000000057e+02 1.724967701027298972e+02
1.215999999999999943e+02 1.706433497798742280e+02
1.217999999999999972e+02 1.747895241258263184e+02
1.220000000000000000e+02 1.649352949349949711e+02
1.222000000000000028e+02 1.680806639908731484e+02
1.224000000000000057e+02 1.642256330661224411e+02
1.225999999999999943e+02 1.643702039226565148e+02
1.227999999999999972e+02 1.655143783117243004e+02
1.230000000000000000e+02 1.636581579739917629e+02
1.232000000000000028e+02 1.578015446396233301e+02
1.234000000000000057e+02 1.579445400283624394e+02
1.235999999999999943e+02 1.580871458496113178e+02
1.237999999999999972e+02 1.562293638025100506e+02
1.240000000000000000e+02 1.563711955760149692e+02
1.242000000000000028e+02 1.515126428489761281e+02
1.244000000000000057e+02 1.516537072902142427e+02
1.245999999999999943e+02 1.507943905585968878e+02
1.247999999999999972e+02 1.489346943031140711e+02
1.250000000000000000e+02 1.480746201629526979e+02
1.252000000000000028e+02 1.472141697675710361e+02
1.254000000000000057e+02 1.433533447367718452e+02
1.255999999999999943e+02 1.444921466807753347e+02
1.257999999999999972e+02 1.436305772002910714e+02
1.260000000000000000e+02 1.417686378865894596e+02
1.262000000000000028e+02 1.419063303215725398e+02
1.264000000000000057e+02 1.380436560778441049e+02
1.265999999999999943e+02 1.381806167187791345e+02
1.267999999999999972e+02 1.373172137985927463e+02
1.270000000000000000e+02 1.364534488624083508e+02
1.272000000000000028e+02 1.305893234463252668e+02
1.274000000000000057e+02 1.337248390774858251e+02
1.275999999999999943e+02 1.318599972741416764e+02
1.277999999999999972e+02 1.329947995457197010e+02
1.280000000000000000e+02 1.321292473928870095e+02
1.281999999999999886e+02 1.272633423076159147e+02
1.284000000000000057e+02 1.253970857732477100e+02
1.285999999999999943e+02 1.265304792645562486e+02
1.288000000000000114e+02 1.266635242478108694e+02
1.290000000000000000e+02 1.247962221808386687e+02
1.291999999999999886e+02 1.219285745130865450e+02
1.294000000000000057e+02 1.210605826856821210e+02
1.295999999999999943e+02 1.221922481314946651e+02
1.298000000000000114e+02 1.213235722751952466e+02
1.300000000000000000e+02 1.194545565333162500e+02
1.301999999999999886e+02 1.175852023143107061e+02
1.304000000000000057e+02 1.177155110186106555e+02
1.305999999999999943e+02 1.148454840386854130e+02
1.308000000000000114e+02 1.179751227590989942e+02
1.310000000000000000e+02 1.121044285565672567e+02
1.311999999999999886e+02 1.152334028000144599e+02
1.314000000000000057e+02 1.083620468506293406e+02
1.315999999999999943e+02 1.114903620619206350e+02
1.318000000000000114e+02 1.096183497797722595e+02
1.320000000000000000e+02 1.107460113424978232e+02
1.321999999999999886e+02 1.068733480808948997e+02
1.324000000000000057e+02 1.070003613182986015e+02
1.325999999999999943e+02 1.071270523706347575e+02
1.328000000000000114e+02 1.052534225464728337e+02
1.330000000000000000e+02 1.053794731470780022e+02
1.331999999999999886e+02 1.015052054664631669e+02
1.334000000000000057e+02 1.036306207914402506e+02
1.335999999999999943e+02 1.007557204016711410e+02
1.338000000000000114e+02 1.018805055697183377e+02
1.340000000000000000e+02 1.000049775610948188e+02
1.341999999999999886e+02 9.912913763431392056e+01
1.344000000000000057e+02 9.625298704093842161e+01
1.345999999999999943e+02 9.837652702562940021e+01
1.348000000000000114e+02 9.749975882619465040e+01
1.350000000000000000e+02 9.562268367363654420e+01
1.351999999999999886e+02 9.474530279219983697e+01
1.354000000000000057e+02 9.386761739941864846e+01
1.355999999999999943e+02 9.298962870616321652e+01
1.358000000000000114e+02 9.611133791668646609e+01
1.360000000000000000e+02 8.923274622866979655e+01
1.361999999999999886e+02 9.035385483326878386e+01
1.364000000000000057e+02 9.047466491515841369e+01
1.365999999999999943e+02 9.059517765257777455e+01
1.368000000000000114e+02 8.871539421737473674e+01
1.370000000000000000e+02 8.883531577504980703e+01
1.371999999999999886e+02 8.695494348480001179e+01
1.374000000000000057e+02 8.607427849956219745e+01
1.375999999999999943e+02 8.519332196605593310e+01
1.378000000000000114e+02 8.731207502482637040e+01
1.380000000000000000e+02 8.543053881028622243e+01
1.381999999999999886e+02 8.354871445075791314e+01
1.384000000000000057e+02 8.266660306851508722e+01
1.385999999999999943e+02 8.478420577982382156e+01
1.388000000000000114e+02 8.190152369498353835e+01
1.390000000000000000e+02 8.301855791836754861e+01
1.391999999999999886e+02 8.013530954846328314e+01
1.394000000000000057e+02 8.125177967791226763e+01
1.395999999999999943e+02 7.836796939354940150e+01
1.398000000000000114e+02 8.348387977644262037e+01
1.400000000000000000e+02 7.859951190193143589e+01
1.401999999999999886e+02 7.671486683966573139e+01
1.404000000000000057e+02 7.482994565364400330e+01
1.405999999999999943e+02 7.794474940225128989e+01
1.408000000000000114e+02 7.705927913829688691e+01
1.410000000000000000e+02 7.417353590905165106e+01
1.411999999999999886e+02 7.528752075628511875e+01
1.414000000000000057e+02 7.140123471630214169e+01
1.415999999999999943e+02 7.751467881997949405e+01
1.418000000000000114e+02 7.162785409280189697e+01
1.420000000000000000e+02 7.474076155489787254e+01
1.421999999999999886e+02 6.985340222107551256e+01
1.424000000000000057e+02 7.096577710085747981e+01
1.425999999999999943e+02 7.107788719851626524e+01
1.428000000000000114e+02 7.218973351310879139e+01
1.430000000000000000e+02 7.030131703851080260e+01
1.431999999999999886e+02 6.841263876345119854e+01
1.434000000000000057e+02 6.852369967154578489e+01
1.435999999999999943e+02 6.863450074133093892e+01
1.438000000000000114e+02 6.874504294629703338e+01
1.440000000000000000e+02 6.685532725492139150e+01
1.441999999999999886e+02 6.496535463070125616e+01
1.444000000000000057e+02 6.607512603218626168e+01
1.445999999999999943e+02 6.718464241301077777e+01
1.448000000000000114e+02 6.829390472192598338e+01
1.450000000000000000e+02 6.440291390283155692e+01
1.451999999999999886e+02 6.551167089480739492e+01
1.454000000000000057e+02 6.362017663214483321e+01
1.455999999999999943e+02 6.272843204437755560e+01
1.458000000000000114e+02 6.583643805631272983e+01
1.460000000000000000e+02 6.094419558806120563e+01
1.461999999999999886e+02 6.205170555506809649e+01
1.464000000000000057e+02 6.015896886814279299e+01
1.465999999999999943e+02 6.326598643348874873e+01
1.468000000000000114e+02 6.037275915273325211e+01
1.470000000000000000e+02 6.147928792295662959e+01
1.471999999999999886e+02 6.058557363672154850e+01
1.474000000000000057e+02 5.569161718210190770e+01
1.475999999999999943e+02 6.079741944271151510e+01
1.478000000000000114e+02 5.990298129773260882e+01
1.480000000000000000e+02 6.100830362194409417e+01
1.481999999999999886e+02 5.511338728574965273e+01
1.484000000000000057e+02 5.721823315520549613e+01
1.485999999999999943e+02 5.932284209204799197e+01
1.488000000000000114e+02 5.742721495372111917e+01
1.490000000000000000e+02 5.953135259340362495e+01
1.491999999999999886e+02 5.263525586003596857e+01
1.494000000000000057e+02 5.773892559834715144e+01
1.495999999999999943e+02 5.384236264888131984e+01
1.498000000000000114e+02 5.494556784802402660e+01
1.500000000000000000e+02 5.804854202802842167e+01
1.501999999999999886e+02 5.215128601704135747e+01
1.504000000000000057e+02 5.225380063912895423e+01
1.505999999999999943e+02 5.535608671430230743e+01
1.508000000000000114e+02 5.245814505854279730e+01
1.510000000000000000e+02 5.355997648382728471e+01
1.511999999999999886e+02 5.066158179815315066e+01
1.514000000000000057e+02 5.376296180556310844e+01
1.515999999999999943e+02 5.186411730616964633e+01
1.518000000000000114e+02 5.196504909617971180e+01
1.520000000000000000e+02 5.306575796791878474e+01
1.521999999999999886e+02 4.716624470985499329e+01
1.524000000000000057e+02 5.126651010662303065e+01
1.525999999999999943e+02 5.036655493904775938e+01
1.528000000000000114e+02 5.246637998416788662e+01
1.530000000000000000e+02 4.756598601525914205e+01
1.531999999999999886e+02 4.866537380185759787e+01
1.534000000000000057e+02 4.876454410978260512e+01
1.535999999999999943e+02 5.286349770115958790e+01
1.538000000000000114e+02 4.796223533444280918e+01
1.540000000000000000e+02 4.606075776443775283e+01
1.541999999999999886e+02 4.715906574232354842e+01
1.544000000000000057e+02 5.025716001567498381e+01
1.545999999999999943e+02 4.735504132848465986e+01
1.548000000000000114e+02 4.645271042118473304e+01
1.550000000000000000e+02 4.755016803066858699e+01
1.551999999999999886e+02 4.564741489031240462e+01
1.554000000000000057e+02 4.674445172999647014e+01
1.555999999999999943e+02 4.584127927612628639e+01
1.558000000000000114e+02 4.793789825165379170e+01
1.560000000000000000e+02 4.603430937609807927e+01
1.561999999999999886e+02 4.313051336556623028e+01
1.564000000000000057e+02 4.522651093277386281e+01
1.565999999999999943e+02 4.532230278706551019e+01
1.568000000000000114e+02 4.641788963443499938e+01
1.570000000000000000e+02 4.351327217754547405e+01
1.571999999999999886e+02 4.460845111574943189e+01
1.574000000000000057e+02 4.370342714510863402e+01
1.575999999999999943e+02 4.379820095841363070e+01
1.578000000000000114e+02 4.289277324520344337e+01
1.580000000000000000e+02 4.298714469178496245e+01
1.581999999999999886e+02 4.408131598125216044e+01
1.584000000000000057e+02 4.017528779350527657e+01
1.585999999999999943e+02 4.426906080526975984e+01
1.588000000000000114e+02 4.136263569011518371e+01
1.590000000000000000e+02 4.245601311847389070e+01
1.591999999999999886e+02 4.354919375765963707e+01
1.594000000000000057e+02 3.964217827188603849e+01
1.595999999999999943e+02 4.273496732228481676e+01
1.598000000000000114e+02 4.182756156692410343e+01
1.600000000000000000e+02 3.991996166082638808e+01
1.601999999999999886e+02 4.201216825598649507e+01
1.604000000000000057e+02 3.910418200138944655e+01
1.605999999999999943e+02 4.319600354302792766e+01
1.608000000000000114e+02 3.828763352392012109e+01
1.610000000000000000e+02 4.037907258412685962e+01
1.611999999999999886e+02 3.947032136076913389e+01
1.614000000000000057e+02 3.956138048804513119e+01
1.615999999999999943e+02 4.065225059724734535e+01
1.618000000000000114e+02 3.974293231677947347e+01
1.620000000000000000e+02 3.983342627217328413e+01
1.621999999999999886e+02 3.692373308610528682e+01
1.624000000000000057e+02 3.901385337841328749e+01
1.625999999999999943e+02 3.810378776611287321e+01
1.628000000000000114e+02 4.019353686341369780e+01
1.630000000000000000e+02 3.828310128173585269e+01
1.631999999999999886e+02 3.537248162972578314e+01
1.634000000000000057e+02 3.946167851327251697e+01
1.635999999999999943e+02 3.755069253552333919e+01
1.638000000000000114e+02 3.663952429689966550e+01
1.640000000000000000e+02 3.872817439511277371e+01
1.641999999999999886e+02 3.481664342517923671e+01
1.644000000000000057e+02 3.690493197943651182e+01
1.645999999999999943e+02 3.599304064755811794e+01
1.648000000000000114e+02 3.908097001656906855e+01
1.650000000000000000e+02 3.716872067086082154e+01
1.651999999999999886e+02 3.325629319220641378e+01
1.654000000000000057e+02 3.534368815977533984e+01
1.655999999999999943e+02 3.743090615014843081e+01
1.658000000000000114e+02 3.651794773733247723e+01
1.660000000000000000e+02 3.560481349277489471e+01
1.661999999999999886e+02 3.369150398537829005e+01
1.664000000000000057e+02 3.477801978151475737e+01
1.665999999999999943e+02 3.486436144504031631e+01
1.668000000000000114e+02 3.995052953730900924e+01
1.670000000000000000e+02 3.103652461718718314e+01
1.671999999999999886e+02 3.312234724106730255e+01
1.674000000000000057e+02 3.420799796288208938e+01
1.675999999999999943e+02 3.529347733411817956e+01
1.678000000000000114e+02 3.537878590383000699e+01
1.680000000000000000e+02 3.346392421865331812e+01
1.681999999999999886e+02 3.254889282281880014e+01
1.684000000000000057e+02 3.263369225816558128e+01
1.685999999999999943e+02 3.571832306415444691e+01
1.688000000000000114e+02 3.480278577788128302e+01
1.690000000000000000e+02 3.288708093409017863e+01
1.691999999999999886e+02 3.397120906518649974e+01
1.694000000000000057e+02 3.305517070125002022e+01
1.695999999999999943e+02 3.513896637004762624e+01
1.698000000000000114e+02 3.222259659704644719e+01
1.700000000000000000e+02 3.330606190542631850e+01
1.701999999999999886e+02 3.438936281609261414e+01
1.704000000000000057e+02 3.147249984768880893e+01
1.705999999999999943e+02 3.355547351660885624e+01
1.708000000000000114e+02 3.463828433700977882e+01
1.710000000000000000e+02 3.172093282082384746e+01
1.711999999999999886e+02 3.180341947777087341e+01
1.714000000000000057e+02 3.088574481537038707e+01
1.715999999999999943e+02 3.196790933895367459e+01
1.718000000000000114e+02 3.204991355167589973e+01
1.720000000000000000e+02 3.213175795452781358e+01
1.721999999999999886e+02 2.921344304634777700e+01
1.724000000000000057e+02 3.429496932383352714e+01
1.725999999999999943e+02 3.237633728155365986e+01
1.728000000000000114e+02 3.045754741195946735e+01
1.730000000000000000e+02 2.953860020539634945e+01
1.731999999999999886e+02 2.961949615011535286e+01
1.734000000000000057e+02 3.170023573228439773e+01
1.735999999999999943e+02 3.178081943599976000e+01
1.738000000000000114e+02 3.186124774329715592e+01
1.740000000000000000e+02 2.994152113416299699e+01
1.741999999999999886e+02 2.702164008654541760e+01
1.744000000000000057e+02 3.110160507636531690e+01
1.745999999999999943e+02 3.118141657752732954e+01
1.748000000000000114e+02 2.826107506193052643e+01
1.750000000000000000e+02 3.234058099947939979e+01
1.751999999999999886e+02 2.541993485809452125e+01
1.754000000000000057e+02 2.849913710372321418e+01
1.755999999999999943e+02 3.157818820035001295e+01
1.758000000000000114e+02 3.065708861000740626e+01
1.760000000000000000e+02 2.973583879278605480e+01
1.761999999999999886e+02 2.881443920684534987e+01
1.764000000000000057e+02 2.689289030842360262e+01
1.765999999999999943e+02 2.897119255184837527e+01
1.768000000000000114e+02 3.104934638954658510e+01
1.770000000000000000e+02 2.712735227205469357e+01
1.771999999999999886e+02 2.720521064802869660e+01
1.774000000000000057e+02 2.928292196425414318e+01
1.775999999999999943e+02 3.136048666565604037e+01
1.778000000000000114e+02 3.043790519530870142e+01
1.780000000000000000e+02 2.651517799444555124e+01
1.781999999999999886e+02 2.559230550246881819e+01
1.784000000000000057e+02 2.866928815695932542e+01
1.785999999999999943e+02 2.774612639368588418e+01
1.788000000000000114e+02 3.082282064661504251e+01
1.790000000000000000e+02 2.689937134792042173e+01
1.791999999999999886e+02 2.897577892799226618e+01
1.794000000000000057e+02 2.605204381544669445e+01
1.795999999999999943e+02 2.912816643713502174e+01
1.798000000000000114e+02 2.520414721815306791e+01
1.800000000000000000e+02 2.827998658185029512e+01
1.801999999999999886e+02 2.735568494983891696e+01
1.804000000000000057e+02 -1.024687572579969981e+02
