# energy (eV)  EELS (a.u)
2.799999000000000127e+00 1.632626093349244911e+00
2.999998000000000165e+00 -1.710273836251599278e+01
3.199999000000000038e+00 3.442519853896010318e+01
3.399998000000000076e+00 -1.942876218591027282e+01
3.599997999999999809e+00 4.018258356406704479e+02
3.799999000000000127e+00 5.401607057484457073e+02
3.999998000000000165e+00 7.296800385942692628e+02
4.199999000000000038e+00 8.208250650057580060e+02
4.399998000000000076e+00 1.159941858374090771e+03
4.599998000000000253e+00 1.309373573341731571e+03
4.799998999999999683e+00 1.384618706282873063e+03
4.999997999999999720e+00 1.542108123396625160e+03
5.199999000000000038e+00 1.824258637064849154e+03
5.399998000000000076e+00 1.926105428221844477e+03
5.599998000000000253e+00 2.035724911382663549e+03
5.799998999999999683e+00 2.139499871506754062e+03
5.999997999999999720e+00 2.262305079992317587e+03
6.199999000000000038e+00 2.409639899879108270e+03
6.399998000000000076e+00 2.448713080007941699e+03
6.599998000000000253e+00 2.719514664999233901e+03
6.799998999999999683e+00 2.807860702454819148e+03
6.999997999999999720e+00 2.963429971237841528e+03
7.199999000000000038e+00 3.160794136431316474e+03
7.399998000000000076e+00 3.316434863099647373e+03
7.599998000000000253e+00 3.334763951727280983e+03
7.799998999999999683e+00 3.560133712641294551e+03
7.999997999999999720e+00 3.702847364371977164e+03
8.199999000000000038e+00 3.753168980613943859e+03
8.399998000000000076e+00 4.005327299437469264e+03
8.599997999999999365e+00 4.352523640845967748e+03
8.799998999999999683e+00 4.492934533144626585e+03
8.999997999999999720e+00 4.722715424212266953e+03
9.199999000000000038e+00 4.879004973591611815e+03
9.399998000000000076e+00 5.216925521924909845e+03
9.599997999999999365e+00 5.348587072047544098e+03
9.799998999999999683e+00 5.723087762952797675e+03
9.999997999999999720e+00 5.899515429600753123e+03
1.019999999999999929e+01 6.039949965540424273e+03
1.040000000000000036e+01 6.052462573679991692e+03
1.059999999999999964e+01 5.968118368441331768e+03
1.080000000000000071e+01 5.973976270575454691e+03
1.100000000000000000e+01 5.774089885219706048e+03
1.119999999999999929e+01 5.753508090334464214e+03
1.140000000000000036e+01 5.634275548477629854e+03
1.159999999999999964e+01 5.393433153341060461e+03
1.180000000000000071e+01 5.072018420565589622e+03
1.200000000000000000e+01 4.886075830795185539e+03
1.219999999999999929e+01 4.764607131655417106e+03
1.240000000000000036e+01 4.620671604291635958e+03
1.259999999999999964e+01 4.539286299234547187e+03
1.280000000000000071e+01 4.433476245640757043e+03
1.300000000000000000e+01 4.266264637355958257e+03
1.319999999999999929e+01 4.324672998746856138e+03
1.340000000000000036e+01 4.114721332827014521e+03
1.359999999999999964e+01 4.296428253847482665e+03
1.380000000000000071e+01 4.303811106223688512e+03
1.400000000000000000e+01 4.234886071416494815e+03
1.419999999999999929e+01 4.196668264169707072e+03
1.440000000000000036e+01 4.410171819322576994e+03
1.459999999999999964e+01 4.369409970258780959e+03
1.480000000000000071e+01 4.478395119918692217e+03
1.500000000000000000e+01 4.402138905186081502e+03
1.519999999999999929e+01 4.519652255360688287e+03
1.540000000000000036e+01 4.701945445341980303e+03
1.559999999999999964e+01 4.639028144074921329e+03
1.580000000000000071e+01 4.821909458743851246e+03
1.600000000000000000e+01 4.828597975144338307e+03
1.619999999999999929e+01 4.766101794613851780e+03
1.639999999999999858e+01 5.013428567859268696e+03
1.660000000000000142e+01 4.988585525981768114e+03
1.680000000000000071e+01 4.923579508966799949e+03
1.700000000000000000e+01 5.061416991877960754e+03
1.719999999999999929e+01 5.054104108968193941e+03
1.739999999999999858e+01 4.987646675899313777e+03
1.760000000000000142e+01 4.941050210241103741e+03
1.780000000000000071e+01 5.038319950403679286e+03
1.800000000000000000e+01 4.982460873141330012e+03
1.819999999999999929e+01 5.078477709752244664e+03
1.839999999999999858e+01 4.976374961086300573e+03
1.860000000000000142e+01 4.934156911462176140e+03
1.880000000000000071e+01 4.890827641585323363e+03
1.900000000000000000e+01 4.920391040549649006e+03
1.919999999999999929e+01 4.888850816997979564e+03
1.939999999999999858e+01 4.815210509509434814e+03
1.960000000000000142e+01 4.731473496275586513e+03
1.980000000000000071e+01 4.617643004121678132e+03
2.000000000000000000e+01 4.558722116924140209e+03
2.019999999999999929e+01 4.444713783471105671e+03
2.039999999999999858e+01 4.487620824808525867e+03
2.060000000000000142e+01 4.469445941110823696e+03
2.080000000000000071e+01 4.413191718111655064e+03
2.100000000000000000e+01 4.312860633127356778e+03
2.119999999999999929e+01 4.284455060702919582e+03
2.139999999999999858e+01 4.270977277907845746e+03
2.160000000000000142e+01 4.227429469307023282e+03
2.180000000000000071e+01 4.055813731629664289e+03
2.200000000000000000e+01 4.063132078157554588e+03
2.219999999999999929e+01 3.949386442852131950e+03
2.239999999999999858e+01 3.848578684238378628e+03
2.260000000000000142e+01 4.059710589062125109e+03
2.280000000000000071e+01 3.929783875736056871e+03
2.300000000000000000e+01 3.980800197588564970e+03
2.319999999999999929e+01 3.907761145928496717e+03
2.339999999999999858e+01 3.762668252937886336e+03
2.360000000000000142e+01 3.853522994403846496e+03
2.380000000000000071e+01 3.720326792299979843e+03
2.400000000000000000e+01 3.669081017226907079e+03
2.419999999999999929e+01 3.689786990720821450e+03
2.439999999999999858e+01 3.706445987438334669e+03
2.460000000000000142e+01 3.664059237225295419e+03
2.480000000000000071e+01 3.619627927076717242e+03
2.500000000000000000e+01 3.737153202994460571e+03
2.519999999999999929e+01 3.648636171748847119e+03
2.539999999999999858e+01 3.600077902549963255e+03
2.560000000000000142e+01 3.527479428634020223e+03
2.580000000000000071e+01 3.625841748769776132e+03
2.600000000000000000e+01 3.592165828689685441e+03
2.619999999999999929e+01 3.546452602450136055e+03
2.639999999999999858e+01 3.556702973724853109e+03
2.660000000000000142e+01 3.360917817035270673e+03
2.680000000000000071e+01 3.525097978921431604e+03
2.700000000000000000e+01 3.455244279056758842e+03
2.719999999999999929e+01 3.362357511309805886e+03
2.739999999999999858e+01 3.384438444755916862e+03
2.760000000000000142e+01 3.448487824641540101e+03
2.780000000000000071e+01 3.429506373303758210e+03
2.800000000000000000e+01 3.360494791047450690e+03
2.819999999999999929e+01 3.401453756982354207e+03
2.839999999999999858e+01 3.327383929822146456e+03
2.860000000000000142e+01 3.355285948647551777e+03
2.880000000000000071e+01 3.463160433635345271e+03
2.900000000000000000e+01 3.519007986755034381e+03
2.919999999999999929e+01 3.383829192434864581e+03
2.939999999999999858e+01 3.321624618198729422e+03
2.960000000000000142e+01 3.278394815275455585e+03
2.980000000000000071e+01 3.395140319181851737e+03
3.000000000000000000e+01 3.405861650280835420e+03
3.019999999999999929e+01 3.366559314315871234e+03
3.039999999999999858e+01 3.219233802922889481e+03
3.060000000000000142e+01 3.328885594120788937e+03
3.080000000000000071e+01 3.302515152781556026e+03
3.100000000000000000e+01 3.274122931080992657e+03
3.119999999999999929e+01 3.264709368930974961e+03
3.139999999999999858e+01 3.242274894394126477e+03
3.160000000000000142e+01 3.274819924081729823e+03
3.180000000000000071e+01 3.343344863535671720e+03
3.200000000000000000e+01 3.199850107595157624e+03
3.220000000000000284e+01 3.239336040748907635e+03
3.239999999999999858e+01 3.275803037473495351e+03
3.260000000000000142e+01 3.268251462558467665e+03
3.279999999999999716e+01 3.242681671418842143e+03
3.300000000000000000e+01 3.181094010395552687e+03
3.320000000000000284e+01 3.163488817044382813e+03
3.339999999999999858e+01 3.266866420413898595e+03
3.360000000000000142e+01 3.233227141312869207e+03
3.379999999999999716e+01 3.269571292567633918e+03
3.400000000000000000e+01 3.231899179269857996e+03
3.420000000000000284e+01 3.221211099015091804e+03
3.439999999999999858e+01 3.156507342132533267e+03
3.460000000000000142e+01 3.210788191906364318e+03
3.479999999999999716e+01 3.050053924789026496e+03
3.500000000000000000e+01 3.121304810606775845e+03
3.520000000000000284e+01 3.052541112757835435e+03
3.539999999999999858e+01 3.131763088403466099e+03
3.560000000000000142e+01 3.124970988652239612e+03
3.579999999999999716e+01 3.063165058737800337e+03
3.600000000000000000e+01 3.068345538190383195e+03
3.620000000000000284e+01 3.081512661002338518e+03
3.639999999999999858e+01 3.115666655787912077e+03
3.660000000000000142e+01 3.068807745937509935e+03
3.679999999999999716e+01 3.178936149766667313e+03
3.700000000000000000e+01 3.122052080659937474e+03
3.720000000000000284e+01 3.035155747209897527e+03
3.739999999999999858e+01 3.014247353351465335e+03
3.760000000000000142e+01 2.974327098491713059e+03
3.779999999999999716e+01 3.099395177635349228e+03
3.800000000000000000e+01 2.991451781506043517e+03
3.820000000000000284e+01 3.015497096663743832e+03
3.839999999999999858e+01 3.043531305618152601e+03
3.860000000000000142e+01 3.007554586938498232e+03
3.879999999999999716e+01 3.065567115359745912e+03
3.900000000000000000e+01 2.978569061885385509e+03
3.920000000000000284e+01 3.077560593886917104e+03
3.939999999999999858e+01 3.053541875200164668e+03
3.960000000000000142e+01 3.055513066218532458e+03
3.979999999999999716e+01 3.045474323983316935e+03
4.000000000000000000e+01 3.060425802271181055e+03
4.020000000000000284e+01 3.062367651678900074e+03
4.039999999999999858e+01 2.986300019705468458e+03
4.060000000000000142e+01 2.997223050831674300e+03
4.079999999999999716e+01 2.967136886597223111e+03
4.100000000000000000e+01 2.990041665675505101e+03
4.120000000000000284e+01 3.006937523946081456e+03
4.139999999999999858e+01 2.929824594564985546e+03
4.160000000000000142e+01 2.959703008032895468e+03
4.179999999999999716e+01 2.948572892261271136e+03
4.200000000000000000e+01 2.869434372636516400e+03
4.220000000000000284e+01 2.877287572082237148e+03
4.239999999999999858e+01 2.966132611119661760e+03
4.260000000000000142e+01 2.901969607926285789e+03
4.279999999999999716e+01 2.928798678392805414e+03
4.300000000000000000e+01 2.905619936178390162e+03
4.320000000000000284e+01 2.882433492764360835e+03
4.339999999999999858e+01 2.955239457506315830e+03
4.360000000000000142e+01 2.827037937684768622e+03
4.379999999999999716e+01 2.900829038554336876e+03
4.400000000000000000e+01 2.942612863391536848e+03
4.420000000000000284e+01 2.920389513541227643e+03
4.439999999999999858e+01 2.824159088461747615e+03
4.460000000000000142e+01 2.850921685768790212e+03
4.479999999999999716e+01 2.933677401278054276e+03
4.500000000000000000e+01 2.828426329046717001e+03
4.520000000000000284e+01 2.868168561413755924e+03
4.539999999999999858e+01 2.890904189039168159e+03
4.560000000000000142e+01 2.808633300942117330e+03
4.579999999999999716e+01 2.789355984538037774e+03
4.600000000000000000e+01 2.809072325674741023e+03
4.620000000000000284e+01 2.801782408667540039e+03
4.639999999999999858e+01 2.804486316333437571e+03
4.660000000000000142e+01 2.810184130024398655e+03
4.679999999999999716e+01 2.737875929659735903e+03
4.700000000000000000e+01 2.805561793757638952e+03
4.720000000000000284e+01 2.749241799465874465e+03
4.739999999999999858e+01 2.863916022591675755e+03
4.760000000000000142e+01 2.821584537630856175e+03
4.779999999999999716e+01 2.697247417796160335e+03
4.800000000000000000e+01 2.654904735044885456e+03
4.820000000000000284e+01 2.672556560105787412e+03
4.839999999999999858e+01 2.735202962505296455e+03
4.860000000000000142e+01 2.663844010593062649e+03
4.879999999999999716e+01 2.652479771566851923e+03
4.900000000000000000e+01 2.687110311496810027e+03
4.920000000000000284e+01 2.591735695349113485e+03
4.939999999999999858e+01 2.638355987009027558e+03
4.960000000000000142e+01 2.612971249303387594e+03
4.979999999999999716e+01 2.617581544022516937e+03
5.000000000000000000e+01 2.628186931941604144e+03
5.020000000000000284e+01 2.524787472841550425e+03
5.039999999999999858e+01 2.586383225529304127e+03
5.060000000000000142e+01 2.650974247857698174e+03
5.079999999999999716e+01 2.542560596744800023e+03
5.100000000000000000e+01 2.515142328192795048e+03
5.120000000000000284e+01 2.523719497306411085e+03
5.139999999999999858e+01 2.526292158310897321e+03
5.160000000000000142e+01 2.625860364569574813e+03
5.179999999999999716e+01 2.547424168600964549e+03
5.200000000000000000e+01 2.534983622095508053e+03
5.220000000000000284e+01 2.541538775931893269e+03
5.239999999999999858e+01 2.490089680192991182e+03
5.260000000000000142e+01 2.398636384181420908e+03
5.279999999999999716e+01 2.417178936434746902e+03
5.300000000000000000e+01 2.434717384740325542e+03
5.320000000000000284e+01 2.505251776149799298e+03
5.339999999999999858e+01 2.347782156993264380e+03
5.360000000000000142e+01 2.359308572893103246e+03
5.379999999999999716e+01 2.380831068777503788e+03
5.400000000000000000e+01 2.463349688893667008e+03
5.420000000000000284e+01 2.440864476820715936e+03
5.439999999999999858e+01 2.315375475482307138e+03
5.460000000000000142e+01 2.361882727158960734e+03
5.479999999999999716e+01 2.434386273500110292e+03
5.500000000000000000e+01 2.308886155535882153e+03
5.520000000000000284e+01 2.366382413688612814e+03
5.539999999999999858e+01 2.328875087784106199e+03
5.560000000000000142e+01 2.415364217062644911e+03
5.579999999999999716e+01 2.328849840189755923e+03
5.600000000000000000e+01 2.358331995266737067e+03
5.620000000000000284e+01 2.432810719840956153e+03
5.639999999999999858e+01 2.414286050915923170e+03
5.660000000000000142e+01 2.332758024961140109e+03
5.679999999999999716e+01 2.237226677921741611e+03
5.700000000000000000e+01 2.387692045227924609e+03
5.720000000000000284e+01 2.339154161804173327e+03
5.739999999999999858e+01 2.416613062078288294e+03
5.760000000000000142e+01 2.262068779990222538e+03
5.779999999999999716e+01 2.255521349000725422e+03
5.800000000000000000e+01 2.320970802099808225e+03
5.820000000000000284e+01 2.284417171815025085e+03
5.839999999999999858e+01 2.253860490219584335e+03
5.860000000000000142e+01 2.228300788940285202e+03
5.879999999999999716e+01 2.291738099165289896e+03
5.900000000000000000e+01 2.213172451651734264e+03
5.920000000000000284e+01 2.220603876733177003e+03
5.939999999999999858e+01 2.260032404326900178e+03
5.960000000000000142e+01 2.292458063941052387e+03
5.979999999999999716e+01 2.156880884681648240e+03
6.000000000000000000e+01 2.273300895259425488e+03
6.020000000000000284e+01 2.136718123996559370e+03
6.039999999999999858e+01 2.253132598833240081e+03
6.060000000000000142e+01 2.277544347334120175e+03
6.079999999999999716e+01 2.172953396694626463e+03
6.100000000000000000e+01 2.135359773747148665e+03
6.120000000000000284e+01 2.163763504967103472e+03
6.139999999999999858e+01 2.167164616478872176e+03
6.160000000000000142e+01 2.170563134061628261e+03
6.179999999999999716e+01 2.203959083155040844e+03
6.200000000000000000e+01 2.075352488864869429e+03
6.220000000000000284e+01 2.160743375968449072e+03
6.239999999999999858e+01 2.094131768920061859e+03
6.260000000000000142e+01 2.129517691856211059e+03
6.279999999999999716e+01 2.168901168600784786e+03
6.300000000000000000e+01 2.174282222670122337e+03
6.320000000000000284e+01 2.045660877277983218e+03
6.339999999999999858e+01 2.006037155340416575e+03
6.360000000000000142e+01 2.191411079480539229e+03
6.379999999999999716e+01 2.001782672033220706e+03
6.400000000000000000e+01 2.097151955049679145e+03
6.420000000000000284e+01 2.116518950301986933e+03
6.440000000000000568e+01 2.103883679287494942e+03
6.459999999999999432e+01 2.051246163233167863e+03
6.479999999999999716e+01 2.063606423099840868e+03
6.500000000000000000e+01 2.037964479586393054e+03
6.520000000000000284e+01 2.052320353133846311e+03
6.540000000000000568e+01 2.039674063929383010e+03
6.559999999999999432e+01 1.985025631910291168e+03
6.579999999999999716e+01 2.047375076767835253e+03
6.600000000000000000e+01 2.043722417951055604e+03
6.620000000000000284e+01 2.023067674670496444e+03
6.640000000000000568e+01 1.931410865901865918e+03
6.659999999999999432e+01 1.960752010389628595e+03
6.679999999999999716e+01 1.970091126650532033e+03
6.700000000000000000e+01 2.017428232977068546e+03
6.720000000000000284e+01 1.947763347440873986e+03
6.740000000000000568e+01 1.905096487896064900e+03
6.759999999999999432e+01 1.858427671982514994e+03
6.779999999999999716e+01 1.943756917129072463e+03
6.800000000000000000e+01 1.920084240556719578e+03
6.820000000000000284e+01 1.958409659281674976e+03
6.840000000000000568e+01 1.754733190118440916e+03
6.859999999999999432e+01 1.897054849682795520e+03
6.879999999999999716e+01 1.877374654394733170e+03
6.900000000000000000e+01 1.867692620481350104e+03
6.920000000000000284e+01 1.851008763979682499e+03
6.940000000000000568e+01 1.854323100739491110e+03
6.959999999999999432e+01 1.840635646425998402e+03
6.979999999999999716e+01 1.857946416522579057e+03
7.000000000000000000e+01 1.873255426333400692e+03
7.020000000000000284e+01 1.740562690986019788e+03
7.040000000000000568e+01 1.747868225433933958e+03
7.059999999999999432e+01 1.807172044459087374e+03
7.079999999999999716e+01 1.765474162674334821e+03
7.100000000000000000e+01 1.794774594525862085e+03
7.120000000000000284e+01 1.830073354295566105e+03
7.140000000000000568e+01 1.816370456103392598e+03
7.159999999999999432e+01 1.746665913909635719e+03
7.179999999999999716e+01 1.745959741517197017e+03
7.200000000000000000e+01 1.830251952573805966e+03
7.220000000000000284e+01 1.803542560574205254e+03
7.240000000000000568e+01 1.787831578862295373e+03
7.259999999999999432e+01 1.726119020633246464e+03
7.279999999999999716e+01 1.716404898935573328e+03
7.300000000000000000e+01 1.678689226673174744e+03
7.320000000000000284e+01 1.650972016607340720e+03
7.340000000000000568e+01 1.711253281358725644e+03
7.359999999999999432e+01 1.642533033409286872e+03
7.379999999999999716e+01 1.630811285104194667e+03
7.400000000000000000e+01 1.577088048653707119e+03
7.420000000000000284e+01 1.713363336135016198e+03
7.440000000000000568e+01 1.647637159494064235e+03
7.459999999999999432e+01 1.644909530547327222e+03
7.479999999999999716e+01 1.720180460983573539e+03
7.500000000000000000e+01 1.586449962365590409e+03
7.520000000000000284e+01 1.604718046131884421e+03
7.540000000000000568e+01 1.662984723598352730e+03
7.559999999999999432e+01 1.600250005959930149e+03
7.579999999999999716e+01 1.673513904292205780e+03
7.600000000000000000e+01 1.562776429553017579e+03
7.620000000000000284e+01 1.609037592584018512e+03
7.640000000000000568e+01 1.523297404112219056e+03
7.659999999999999432e+01 1.571555874751505371e+03
7.679999999999999716e+01 1.612813015004132239e+03
7.700000000000000000e+01 1.596068835262192806e+03
7.720000000000000284e+01 1.536323345809065813e+03
7.740000000000000568e+01 1.552576556820839414e+03
7.759999999999999432e+01 1.492828478367711796e+03
7.779999999999999716e+01 1.561079120415371563e+03
7.800000000000000000e+01 1.591328492826355841e+03
7.820000000000000284e+01 1.540576605361385873e+03
7.840000000000000568e+01 1.479823467680683962e+03
7.859999999999999432e+01 1.521069089345269049e+03
7.879999999999999716e+01 1.517313479818231372e+03
7.900000000000000000e+01 -1.013433515340109352e+02
7.920000000000000284e+01 -1.011013954404755708e+02
7.940000000000000568e+01 -1.008606427243987014e+02
7.959999999999999432e+01 -1.006210843020359533e+02
7.979999999999999716e+01 -1.003827111814819091e+02
8.000000000000000000e+01 -1.001455144615075312e+02
8.020000000000000284e+01 -9.990948533041532187e+01
8.040000000000000568e+01 -9.967461506491163448e+01
8.059999999999999432e+01 -9.944089502899629451e+01
8.079999999999999716e+01 -9.920831667286871891e+01
8.100000000000000000e+01 -9.897687153185076170e+01
8.120000000000000284e+01 -9.874655122532536211e+01
8.140000000000000568e+01 -9.851734745569149254e+01
8.159999999999999432e+01 -9.828925200733425527e+01
8.179999999999999716e+01 -9.806225674561069638e+01
8.200000000000000000e+01 -9.783635361585052692e+01
8.220000000000000284e+01 -9.761153464237155220e+01
8.240000000000000568e+01 -9.738779192750980940e+01
8.259999999999999432e+01 -9.716511765066395867e+01
8.279999999999999716e+01 -9.694350406735361503e+01
8.300000000000000000e+01 -9.672294350829166376e+01
8.320000000000000284e+01 -9.650342837847004773e+01
8.340000000000000568e+01 -9.628495115625887024e+01
8.359999999999999432e+01 -9.606750439251871398e+01
8.379999999999999716e+01 -9.585108070972574978e+01
8.400000000000000000e+01 -9.563567280110957824e+01
8.420000000000000284e+01 -9.542127342980353433e+01
8.440000000000000568e+01 -9.520787542800721326e+01
8.459999999999999432e+01 -9.499547169616104725e+01
8.479999999999999716e+01 -9.478405520213274826e+01
8.500000000000000000e+01 -9.457361898041534687e+01
8.520000000000000284e+01 -9.436415613133674185e+01
8.540000000000000568e+01 -9.415565982028046221e+01
8.559999999999999432e+01 -9.394812327691754206e+01
8.579999999999999716e+01 -9.374153979444920992e+01
8.600000000000000000e+01 -9.353590272886032153e+01
8.620000000000000284e+01 -9.333120549818346490e+01
8.640000000000000568e+01 -9.312744158177314091e+01
8.659999999999999432e+01 -9.292460451959043155e+01
8.679999999999999716e+01 -9.272268791149734568e+01
8.700000000000000000e+01 -9.252168541656148193e+01
8.720000000000000284e+01 -9.232159075236994283e+01
8.740000000000000568e+01 -9.212239769435306869e+01
8.759999999999999432e+01 -9.192410007511740844e+01
8.779999999999999716e+01 -9.172669178378799870e+01
8.800000000000000000e+01 -9.153016676535972351e+01
8.820000000000000284e+01 -9.133451902005761269e+01
8.840000000000000568e+01 -9.113974260270587990e+01
8.859999999999999432e+01 -9.094583162210565774e+01
8.879999999999999716e+01 -9.075278024042125935e+01
8.900000000000000000e+01 -9.056058267257481020e+01
8.920000000000000284e+01 -9.036923318564907959e+01
8.940000000000000568e+01 -9.017872609829848329e+01
8.959999999999999432e+01 -8.998905578016811546e+01
8.979999999999999716e+01 -8.980021665132042585e+01
9.000000000000000000e+01 -8.961220318166992627e+01
9.020000000000000284e+01 -8.942500989042532922e+01
9.040000000000000568e+01 -8.923863134553914733e+01
9.059999999999999432e+01 -8.905306216316492396e+01
9.079999999999999716e+01 -8.886829700712129920e+01
9.100000000000000000e+01 -8.868433058836359351e+01
9.120000000000000284e+01 -8.850115766446242560e+01
9.140000000000000568e+01 -8.831877303908888166e+01
9.159999999999999432e+01 -8.813717156150696042e+01
9.179999999999999716e+01 -8.795634812607238473e+01
9.200000000000000000e+01 -8.777629767173836228e+01
9.220000000000000284e+01 -8.759701518156742850e+01
9.240000000000000568e+01 -8.741849568225009648e+01
9.259999999999999432e+01 -8.724073424362967444e+01
9.279999999999999716e+01 -8.706372597823312276e+01
9.300000000000000000e+01 -8.688746604080832014e+01
9.320000000000000284e+01 -8.671194962786722726e+01
9.340000000000000568e+01 -8.653717197723489107e+01
9.359999999999999432e+01 -8.636312836760447453e+01
9.379999999999999716e+01 -8.618981411809791382e+01
9.400000000000000000e+01 -8.601722458783231673e+01
9.420000000000000284e+01 -8.584535517549186068e+01
9.440000000000000568e+01 -8.567420131890533241e+01
9.459999999999999432e+01 -8.550375849462891154e+01
9.479999999999999716e+01 -8.533402221753443939e+01
9.500000000000000000e+01 -8.516498804040287496e+01
9.520000000000000284e+01 -8.499665155352292345e+01
9.540000000000000568e+01 -8.482900838429485191e+01
9.559999999999999432e+01 -8.466205419683919331e+01
9.579999999999999716e+01 -8.449578469161043870e+01
9.600000000000000000e+01 -8.433019560501578837e+01
9.620000000000000284e+01 -8.416528270903846476e+01
9.640000000000000568e+01 -8.400104181086587118e+01
9.659999999999999432e+01 -8.383746875252246866e+01
9.679999999999999716e+01 -8.367455941050708645e+01
9.700000000000000000e+01 -8.351230969543499327e+01
9.720000000000000284e+01 -8.335071555168424595e+01
9.740000000000000568e+01 -8.318977295704654296e+01
9.759999999999999432e+01 -8.302947792238231273e+01
9.779999999999999716e+01 -8.286982649128017897e+01
9.800000000000000000e+01 -8.271081473972066078e+01
9.820000000000000284e+01 -8.255243877574383760e+01
9.840000000000000568e+01 -8.239469473912137687e+01
9.859999999999999432e+01 -8.223757880103231344e+01
9.879999999999999716e+01 -8.208108716374299263e+01
9.900000000000000000e+01 -8.192521606029090719e+01
9.920000000000000284e+01 -8.176996175417235690e+01
9.940000000000000568e+01 -8.161532053903385986e+01
9.959999999999999432e+01 -8.146128873836748596e+01
9.979999999999999716e+01 -8.130786270520971470e+01
1.000000000000000000e+02 -8.115503882184401618e+01
1.002000000000000028e+02 -8.100281349950705589e+01
1.004000000000000057e+02 -8.085118317809840960e+01
1.005999999999999943e+02 -8.070014432589371722e+01
1.007999999999999972e+02 -8.054969343926143210e+01
1.010000000000000000e+02 -8.039982704238279609e+01
1.012000000000000028e+02 -8.025054168697529633e+01
1.014000000000000057e+02 -8.010183395201939049e+01
1.015999999999999943e+02 -7.995370044348840111e+01
1.017999999999999972e+02 -7.980613779408173514e+01
1.020000000000000000e+02 -7.965914266296128687e+01
1.022000000000000028e+02 -7.951271173549078242e+01
1.024000000000000057e+02 -7.936684172297849216e+01
1.025999999999999943e+02 -7.922152936242265753e+01
1.027999999999999972e+02 -7.907677141626017203e+01
1.030000000000000000e+02 -7.893256467211814709e+01
1.032000000000000028e+02 -7.878890594256823476e+01
1.034000000000000057e+02 -7.864579206488414798e+01
1.035999999999999943e+02 -7.850321990080162493e+01
1.037999999999999972e+02 -7.836118633628153418e+01
1.040000000000000000e+02 -7.821968828127555184e+01
1.042000000000000028e+02 -7.807872266949458151e+01
1.044000000000000057e+02 -7.793828645817988843e+01
1.045999999999999943e+02 -7.779837662787691954e+01
1.047999999999999972e+02 -7.765899018221159622e+01
1.050000000000000000e+02 -7.752012414766936388e+01
1.052000000000000028e+02 -7.738177557337665746e+01
1.054000000000000057e+02 -7.724394153088492487e+01
1.055999999999999943e+02 -7.710661911395712309e+01
1.057999999999999972e+02 -7.696980543835660171e+01
1.060000000000000000e+02 -7.683349764163850182e+01
1.062000000000000028e+02 -7.669769288294345699e+01
1.064000000000000057e+02 -7.656238834279361072e+01
1.065999999999999943e+02 -7.642758122289106382e+01
1.067999999999999972e+02 -7.629326874591843932e+01
1.070000000000000000e+02 -7.615944815534192003e+01
1.072000000000000028e+02 -7.602611671521626135e+01
1.074000000000000057e+02 -7.589327170999217742e+01
1.075999999999999943e+02 -7.576091044432588717e+01
1.077999999999999972e+02 -7.562903024289062159e+01
1.080000000000000000e+02 -7.549762845019047575e+01
1.082000000000000028e+02 -7.536670243037619343e+01
1.084000000000000057e+02 -7.523624956706306932e+01
1.085999999999999943e+02 -7.510626726315078372e+01
1.087999999999999972e+02 -7.497675294064539742e+01
1.090000000000000000e+02 -7.484770404048319392e+01
1.092000000000000028e+02 -7.471911802235652544e+01
1.094000000000000057e+02 -7.459099236454152049e+01
1.095999999999999943e+02 -7.446332456372785202e+01
1.097999999999999972e+02 -7.433611213485013991e+01
1.100000000000000000e+02 -7.420935261092141388e+01
1.102000000000000028e+02 -7.408304354286833870e+01
1.104000000000000057e+02 -7.395718249936815880e+01
1.105999999999999943e+02 -7.383176706668758982e+01
1.107999999999999972e+02 -7.370679484852327334e+01
1.110000000000000000e+02 -7.358226346584412170e+01
1.112000000000000028e+02 -7.345817055673536800e+01
1.114000000000000057e+02 -7.333451377624417944e+01
1.115999999999999943e+02 -7.321129079622706115e+01
1.117999999999999972e+02 -7.308849930519889426e+01
1.120000000000000000e+02 -7.296613700818356563e+01
1.122000000000000028e+02 -7.284420162656621756e+01
1.124000000000000057e+02 -7.272269089794711761e+01
1.125999999999999943e+02 -7.260160257599706313e+01
1.127999999999999972e+02 -7.248093443031429217e+01
1.130000000000000000e+02 -7.236068424628305706e+01
1.132000000000000028e+02 -7.224084982493356222e+01
1.134000000000000057e+02 -7.212142898280349357e+01
1.135999999999999943e+02 -7.200241955180098330e+01
1.137999999999999972e+02 -7.188381937906898145e+01
1.140000000000000000e+02 -7.176562632685116228e+01
1.142000000000000028e+02 -7.164783827235920910e+01
1.144000000000000057e+02 -7.153045310764143494e+01
1.145999999999999943e+02 -7.141346873945288110e+01
1.147999999999999972e+02 -7.129688308912675154e+01
1.150000000000000000e+02 -7.118069409244716894e+01
1.152000000000000028e+02 -7.106489969952330910e+01
1.154000000000000057e+02 -7.094949787466478597e+01
1.155999999999999943e+02 -7.083448659625844357e+01
1.157999999999999972e+02 -7.071986385664632735e+01
1.160000000000000000e+02 -7.060562766200496299e+01
1.162000000000000028e+02 -7.049177603222597099e+01
1.164000000000000057e+02 -7.037830700079771873e+01
1.165999999999999943e+02 -7.026521861468847874e+01
1.167999999999999972e+02 -7.015250893423046818e+01
1.170000000000000000e+02 -7.004017603300540884e+01
1.172000000000000028e+02 -6.992821799773103919e+01
1.174000000000000057e+02 -6.981663292814886290e+01
1.175999999999999943e+02 -6.970541893691310520e+01
1.177999999999999972e+02 -6.959457414948066400e+01
1.180000000000000000e+02 -6.948409670400242533e+01
1.182000000000000028e+02 -6.937398475121538866e+01
1.184000000000000057e+02 -6.926423645433615661e+01
1.185999999999999943e+02 -6.915484998895534829e+01
1.187999999999999972e+02 -6.904582354293310686e+01
1.190000000000000000e+02 -6.893715531629580084e+01
1.192000000000000028e+02 -6.882884352113354964e+01
1.194000000000000057e+02 -6.872088638149897122e+01
1.195999999999999943e+02 -6.861328213330685344e+01
1.197999999999999972e+02 -6.850602902423484863e+01
1.200000000000000000e+02 -6.839912531362523396e+01
1.202000000000000028e+02 -6.829256927238755281e+01
1.204000000000000057e+02 -6.818635918290232212e+01
1.205999999999999943e+02 -6.808049333892564903e+01
1.207999999999999972e+02 -6.797497004549481403e+01
1.210000000000000000e+02 -6.786978761883477773e+01
1.212000000000000028e+02 -6.776494438626568240e+01
1.214000000000000057e+02 -6.766043868611124878e+01
1.215999999999999943e+02 -6.755626886760794036e+01
1.217999999999999972e+02 -6.745243329081530703e+01
1.220000000000000000e+02 -6.734893032652693989e+01
1.222000000000000028e+02 -6.724575835618247766e+01
1.224000000000000057e+02 -6.714291577178040882e+01
1.225999999999999943e+02 -6.704040097579176916e+01
1.227999999999999972e+02 -6.693821238107462079e+01
1.230000000000000000e+02 -6.683634841078945499e+01
1.232000000000000028e+02 -6.673480749831534808e+01
1.234000000000000057e+02 -6.663358808716701276e+01
1.235999999999999943e+02 -6.653268863091261665e+01
1.237999999999999972e+02 -6.643210759309233993e+01
1.240000000000000000e+02 -6.633184344713784242e+01
1.242000000000000028e+02 -6.623189467629246963e+01
1.244000000000000057e+02 -6.613225977353214091e+01
1.245999999999999943e+02 -6.603293724148721822e+01
1.247999999999999972e+02 -6.593392559236481532e+01
1.250000000000000000e+02 -6.583522334787220132e+01
1.252000000000000028e+02 -6.573682903914067310e+01
1.254000000000000057e+02 -6.563874120665032308e+01
1.255999999999999943e+02 -6.554095840015540375e+01
1.257999999999999972e+02 -6.544347917861051656e+01
1.260000000000000000e+02 -6.534630211009745437e+01
1.262000000000000028e+02 -6.524942577175279723e+01
1.264000000000000057e+02 -6.515284874969599116e+01
1.265999999999999943e+02 -6.505656963895850708e+01
1.267999999999999972e+02 -6.496058704341322709e+01
1.270000000000000000e+02 -6.486489957570483966e+01
1.272000000000000028e+02 -6.476950585718073228e+01
1.274000000000000057e+02 -6.467440451782258037e+01
1.275999999999999943e+02 -6.457959419617851893e+01
1.277999999999999972e+02 -6.448507353929609565e+01
1.280000000000000000e+02 -6.439084120265569311e+01
1.281999999999999886e+02 -6.429689585010473252e+01
1.284000000000000057e+02 -6.420323615379234639e+01
1.285999999999999943e+02 -6.410986079410477601e+01
1.288000000000000114e+02 -6.401676845960125206e+01
1.290000000000000000e+02 -6.392395784695070660e+01
1.291999999999999886e+02 -6.383142766086876918e+01
1.294000000000000057e+02 -6.373917661405553048e+01
1.295999999999999943e+02 -6.364720342713396661e+01
1.298000000000000114e+02 -6.355550682858865486e+01
1.300000000000000000e+02 -6.346408555470537749e+01
1.301999999999999886e+02 -6.337293834951103833e+01
1.304000000000000057e+02 -6.328206396471424000e+01
1.305999999999999943e+02 -6.319146115964645816e+01
1.308000000000000114e+02 -6.310112870120360640e+01
1.310000000000000000e+02 -6.301106536378833312e+01
1.311999999999999886e+02 -6.292126992925268070e+01
1.314000000000000057e+02 -6.283174118684129894e+01
1.315999999999999943e+02 -6.274247793313533350e+01
1.318000000000000114e+02 -6.265347897199657723e+01
1.320000000000000000e+02 -6.256474311451236758e+01
1.321999999999999886e+02 -6.247626917894081799e+01
1.324000000000000057e+02 -6.238805599065658214e+01
1.325999999999999943e+02 -6.230010238209726481e+01
1.328000000000000114e+02 -6.221240719271003172e+01
1.330000000000000000e+02 -6.212496926889900806e+01
1.331999999999999886e+02 -6.203778746397290433e+01
1.334000000000000057e+02 -6.195086063809321786e+01
1.335999999999999943e+02 -6.186418765822304522e+01
1.338000000000000114e+02 -6.177776739807600137e+01
1.340000000000000000e+02 -6.169159873806599137e+01
1.341999999999999886e+02 -6.160568056525712421e+01
1.344000000000000057e+02 -6.152001177331427328e+01
1.345999999999999943e+02 -6.143459126245397783e+01
1.348000000000000114e+02 -6.134941793939580634e+01
1.350000000000000000e+02 -6.126449071731421725e+01
1.351999999999999886e+02 -6.117980851579071100e+01
1.354000000000000057e+02 -6.109537026076648658e+01
1.355999999999999943e+02 -6.101117488449563808e+01
1.358000000000000114e+02 -6.092722132549849334e+01
1.360000000000000000e+02 -6.084350852851564895e+01
1.361999999999999886e+02 -6.076003544446216864e+01
1.364000000000000057e+02 -6.067680103038237149e+01
1.365999999999999943e+02 -6.059380424940494692e+01
1.368000000000000114e+02 -6.051104407069841784e+01
1.370000000000000000e+02 -6.042851946942711550e+01
1.371999999999999886e+02 -6.034622942670737444e+01
1.374000000000000057e+02 -6.026417292956425342e+01
1.375999999999999943e+02 -6.018234897088861146e+01
1.378000000000000114e+02 -6.010075654939447531e+01
1.380000000000000000e+02 -6.001939466957688296e+01
1.381999999999999886e+02 -5.993826234167000422e+01
1.384000000000000057e+02 -5.985735858160570189e+01
1.385999999999999943e+02 -5.977668241097241264e+01
1.388000000000000114e+02 -5.969623285697437609e+01
1.390000000000000000e+02 -5.961600895239124043e+01
1.391999999999999886e+02 -5.953600973553802334e+01
1.394000000000000057e+02 -5.945623425022536424e+01
1.395999999999999943e+02 -5.937668154572021706e+01
1.398000000000000114e+02 -5.929735067670672777e+01
1.400000000000000000e+02 -5.921824070324769451e+01
1.401999999999999886e+02 -5.913935069074605622e+01
1.404000000000000057e+02 -5.906067970990691407e+01
1.405999999999999943e+02 -5.898222683669988697e+01
1.408000000000000114e+02 -5.890399115232161620e+01
1.410000000000000000e+02 -5.882597174315883137e+01
1.411999999999999886e+02 -5.874816770075147332e+01
1.414000000000000057e+02 -5.867057812175632847e+01
1.415999999999999943e+02 -5.859320210791092620e+01
1.418000000000000114e+02 -5.851603876599763510e+01
1.420000000000000000e+02 -5.843908720780823529e+01
1.421999999999999886e+02 -5.836234655010866135e+01
1.424000000000000057e+02 -5.828581591460404354e+01
1.425999999999999943e+02 -5.820949442790417550e+01
1.428000000000000114e+02 -5.813338122148911680e+01
1.430000000000000000e+02 -5.805747543167515801e+01
1.431999999999999886e+02 -5.798177619958109119e+01
1.434000000000000057e+02 -5.790628267109468652e+01
1.435999999999999943e+02 -5.783099399683955255e+01
1.438000000000000114e+02 -5.775590933214218126e+01
1.440000000000000000e+02 -5.768102783699935543e+01
1.441999999999999886e+02 -5.760634867604569109e+01
1.444000000000000057e+02 -5.753187101852162044e+01
1.445999999999999943e+02 -5.745759403824155243e+01
1.448000000000000114e+02 -5.738351691356223938e+01
1.450000000000000000e+02 -5.730963882735154868e+01
1.451999999999999886e+02 -5.723595896695738361e+01
1.454000000000000057e+02 -5.716247652417685288e+01
1.455999999999999943e+02 -5.708919069522581680e+01
1.458000000000000114e+02 -5.701610068070853288e+01
1.460000000000000000e+02 -5.694320568558769224e+01
1.461999999999999886e+02 -5.687050491915452000e+01
1.464000000000000057e+02 -5.679799759499935163e+01
1.465999999999999943e+02 -5.672568293098225922e+01
1.468000000000000114e+02 -5.665356014920402572e+01
1.470000000000000000e+02 -5.658162847597731115e+01
1.471999999999999886e+02 -5.650988714179803907e+01
1.474000000000000057e+02 -5.643833538131709560e+01
1.475999999999999943e+02 -5.636697243331216356e+01
1.478000000000000114e+02 -5.629579754065981945e+01
1.480000000000000000e+02 -5.622480995030793594e+01
1.481999999999999886e+02 -5.615400891324814836e+01
1.484000000000000057e+02 -5.608339368448868356e+01
1.485999999999999943e+02 -5.601296352302736636e+01
1.488000000000000114e+02 -5.594271769182478238e+01
1.490000000000000000e+02 -5.587265545777779607e+01
1.491999999999999886e+02 -5.580277609169312569e+01
1.494000000000000057e+02 -5.573307886826119528e+01
1.495999999999999943e+02 -5.566356306603030646e+01
1.498000000000000114e+02 -5.559422796738077466e+01
1.500000000000000000e+02 -5.552507285849954854e+01
1.501999999999999886e+02 -5.545609702935477259e+01
1.504000000000000057e+02 -5.538729977367074042e+01
1.505999999999999943e+02 -5.531868038890304007e+01
1.508000000000000114e+02 -5.525023817621371336e+01
1.510000000000000000e+02 -5.518197244044685590e+01
1.511999999999999886e+02 -5.511388249010423834e+01
1.514000000000000057e+02 -5.504596763732116926e+01
1.515999999999999943e+02 -5.497822719784264223e+01
1.518000000000000114e+02 -5.491066049099946156e+01
1.520000000000000000e+02 -5.484326683968481575e+01
1.521999999999999886e+02 -5.477604557033081534e+01
1.524000000000000057e+02 -5.470899601288532210e+01
1.525999999999999943e+02 -5.464211750078899144e+01
1.528000000000000114e+02 -5.457540937095236444e+01
1.530000000000000000e+02 -5.450887096373332241e+01
1.531999999999999886e+02 -5.444250162291452710e+01
1.534000000000000057e+02 -5.437630069568118074e+01
1.535999999999999943e+02 -5.431026753259891393e+01
1.538000000000000114e+02 -5.424440148759178726e+01
1.540000000000000000e+02 -5.417870191792059131e+01
1.541999999999999886e+02 -5.411316818416120356e+01
1.544000000000000057e+02 -5.404779965018311572e+01
1.545999999999999943e+02 -5.398259568312826673e+01
1.548000000000000114e+02 -5.391755565338981881e+01
1.550000000000000000e+02 -5.385267893459132438e+01
1.551999999999999886e+02 -5.378796490356587867e+01
1.554000000000000057e+02 -5.372341294033549985e+01
1.555999999999999943e+02 -5.365902242809072931e+01
1.558000000000000114e+02 -5.359479275317026747e+01
1.560000000000000000e+02 -5.353072330504090814e+01
1.561999999999999886e+02 -5.346681347627743008e+01
1.564000000000000057e+02 -5.340306266254285816e+01
1.565999999999999943e+02 -5.333947026256877422e+01
1.568000000000000114e+02 -5.327603567813571317e+01
1.570000000000000000e+02 -5.321275831405387180e+01
1.571999999999999886e+02 -5.314963757814381040e+01
1.574000000000000057e+02 -5.308667288121735339e+01
1.575999999999999943e+02 -5.302386363705872441e+01
1.578000000000000114e+02 -5.296120926240566007e+01
1.580000000000000000e+02 -5.289870917693082220e+01
1.581999999999999886e+02 -5.283636280322320999e+01
1.584000000000000057e+02 -5.277416956676987070e+01
1.585999999999999943e+02 -5.271212889593759598e+01
1.588000000000000114e+02 -5.265024022195485287e+01
1.590000000000000000e+02 -5.258850297889384251e+01
1.591999999999999886e+02 -5.252691660365263715e+01
1.594000000000000057e+02 -5.246548053593748051e+01
1.595999999999999943e+02 -5.240419421824530133e+01
1.598000000000000114e+02 -5.234305709584621980e+01
1.600000000000000000e+02 -5.228206861676629558e+01
1.601999999999999886e+02 -5.222122823177030426e+01
1.604000000000000057e+02 -5.216053539434475539e+01
1.605999999999999943e+02 -5.209998956068098153e+01
1.608000000000000114e+02 -5.203959018965832684e+01
1.610000000000000000e+02 -5.197933674282751326e+01
1.611999999999999886e+02 -5.191922868439406358e+01
1.614000000000000057e+02 -5.185926548120194468e+01
1.615999999999999943e+02 -5.179944660271728907e+01
1.618000000000000114e+02 -5.173977152101211630e+01
1.620000000000000000e+02 -5.168023971074843814e+01
1.621999999999999886e+02 -5.162085064916220745e+01
1.624000000000000057e+02 -5.156160381604756537e+01
1.625999999999999943e+02 -5.150249869374113842e+01
1.628000000000000114e+02 -5.144353476710645623e+01
1.630000000000000000e+02 -5.138471152351847593e+01
1.631999999999999886e+02 -5.132602845284822735e+01
1.634000000000000057e+02 -5.126748504744762158e+01
1.635999999999999943e+02 -5.120908080213426672e+01
1.638000000000000114e+02 -5.115081521417646115e+01
1.640000000000000000e+02 -5.109268778327836458e+01
1.641999999999999886e+02 -5.103469801156506946e+01
1.644000000000000057e+02 -5.097684540356802074e+01
1.645999999999999943e+02 -5.091912946621041414e+01
1.648000000000000114e+02 -5.086154970879263715e+01
1.650000000000000000e+02 -5.080410564297805820e+01
1.651999999999999886e+02 -5.074679678277858841e+01
1.654000000000000057e+02 -5.068962264454064126e+01
1.655999999999999943e+02 -5.063258274693103544e+01
1.658000000000000114e+02 -5.057567661092301137e+01
1.660000000000000000e+02 -5.051890375978242531e+01
1.661999999999999886e+02 -5.046226371905392938e+01
1.664000000000000057e+02 -5.040575601654737170e+01
1.665999999999999943e+02 -5.034938018232422507e+01
1.668000000000000114e+02 -5.029313574868409376e+01
1.670000000000000000e+02 -5.023702225015139078e+01
1.671999999999999886e+02 -5.018103922346203660e+01
1.674000000000000057e+02 -5.012518620755027854e+01
1.675999999999999943e+02 -5.006946274353568072e+01
1.678000000000000114e+02 -5.001386837471004299e+01
1.680000000000000000e+02 -4.995840264652458274e+01
1.681999999999999886e+02 -4.990306510657709538e+01
1.684000000000000057e+02 -4.984785530459922143e+01
1.685999999999999943e+02 -4.979277279244391963e+01
1.688000000000000114e+02 -4.973781712407281930e+01
1.690000000000000000e+02 -4.968298785554387820e+01
1.691999999999999886e+02 -4.962828454499896225e+01
1.694000000000000057e+02 -4.957370675265161708e+01
1.695999999999999943e+02 -4.951925404077488224e+01
1.698000000000000114e+02 -4.946492597368918354e+01
1.700000000000000000e+02 -4.941072211775035328e+01
1.701999999999999886e+02 -4.935664204133769317e+01
1.704000000000000057e+02 -4.930268531484211536e+01
1.705999999999999943e+02 -4.924885151065442557e+01
1.708000000000000114e+02 -4.919514020315362757e+01
1.710000000000000000e+02 -4.914155096869534844e+01
1.711999999999999886e+02 -4.908808338560030649e+01
1.714000000000000057e+02 -4.903473703414289275e+01
1.715999999999999943e+02 -4.898151149653982372e+01
1.718000000000000114e+02 -4.892840635693888629e+01
1.720000000000000000e+02 -4.887542120140772539e+01
1.721999999999999886e+02 -4.882255561792270981e+01
1.724000000000000057e+02 -4.876980919635796852e+01
1.725999999999999943e+02 -4.871718152847435590e+01
1.728000000000000114e+02 -4.866467220790861603e+01
1.730000000000000000e+02 -4.861228083016253976e+01
1.731999999999999886e+02 -4.856000699259227105e+01
1.734000000000000057e+02 -4.850785029439760621e+01
1.735999999999999943e+02 -4.845581033661145653e+01
1.738000000000000114e+02 -4.840388672208927545e+01
1.740000000000000000e+02 -4.835207905549869878e+01
1.741999999999999886e+02 -4.830038694330909266e+01
1.744000000000000057e+02 -4.824880999378131463e+01
1.745999999999999943e+02 -4.819734781695746761e+01
1.748000000000000114e+02 -4.814600002465075335e+01
1.750000000000000000e+02 -4.809476623043536847e+01
1.751999999999999886e+02 -4.804364604963650720e+01
1.754000000000000057e+02 -4.799263909932039240e+01
1.755999999999999943e+02 -4.794174499828444880e+01
1.758000000000000114e+02 -4.789096336704739798e+01
1.760000000000000000e+02 -4.784029382783958795e+01
1.761999999999999886e+02 -4.778973600459330129e+01
1.764000000000000057e+02 -4.773928952293311312e+01
1.765999999999999943e+02 -4.768895401016634850e+01
1.768000000000000114e+02 -4.763872909527364641e+01
1.770000000000000000e+02 -4.758861440889945982e+01
1.771999999999999886e+02 -4.753860958334276177e+01
1.774000000000000057e+02 -4.748871425254773726e+01
1.775999999999999943e+02 -4.743892805209454622e+01
1.778000000000000114e+02 -4.738925061919014325e+01
1.780000000000000000e+02 -4.733968159265922537e+01
1.781999999999999886e+02 -4.729022061293510149e+01
1.784000000000000057e+02 -4.724086732205078221e+01
1.785999999999999943e+02 -4.719162136363002702e+01
1.788000000000000114e+02 -4.714248238287847670e+01
1.790000000000000000e+02 -4.709345002657488521e+01
1.791999999999999886e+02 -4.704452394306230190e+01
1.794000000000000057e+02 -4.699570378223943834e+01
1.795999999999999943e+02 -4.694698919555206373e+01
1.798000000000000114e+02 -4.689837983598433624e+01
1.800000000000000000e+02 -4.684987535805042569e+01
1.801999999999999886e+02 -4.680147541778590892e+01
1.804000000000000057e+02 -4.675317967273946351e+01
1.805999999999999943e+02 -4.670498778196453316e+01
1.808000000000000114e+02 -4.665689940601095742e+01
1.810000000000000000e+02 -4.660891420691678633e+01
1.811999999999999886e+02 -4.656103184820011620e+01
1.814000000000000057e+02 -4.651325199485092554e+01
1.815999999999999943e+02 -4.646557431332301746e+01
1.818000000000000114e+02 -4.641799847152599057e+01
1.820000000000000000e+02 -4.637052413881728796e+01
1.821999999999999886e+02 -4.632315098599428183e+01
1.824000000000000057e+02 -4.627587868528637927e+01
1.825999999999999943e+02 -4.622870691034725610e+01
1.828000000000000114e+02 -4.618163533624705508e+01
1.830000000000000000e+02 -4.613466363946470494e+01
1.831999999999999886e+02 -4.608779149788026785e+01
1.834000000000000057e+02 -4.604101859076728687e+01
1.835999999999999943e+02 -4.599434459878528259e+01
