# energy (eV)  EELS (a.u)
2.800000999999999962e+00 4.992594388010775219e+01
3.000000000000000000e+00 -2.510057177564385711e+01
3.200000999999999873e+00 -3.711861901032852984e+01
3.400002000000000191e+00 -1.154773820323543987e+01
3.600000000000000089e+00 3.667013488513794073e+01
3.800000999999999962e+00 8.683722188554429522e+01
4.000000000000000000e+00 1.509009348155923362e+02
4.200001000000000317e+00 2.163361189518427636e+02
4.400001999999999747e+00 2.705596236299766133e+02
4.599999999999999645e+00 3.277049414713551414e+02
4.800000999999999962e+00 3.800696612547717450e+02
5.000000000000000000e+00 4.293763882589328205e+02
5.200001000000000317e+00 4.769514229662352136e+02
5.400001999999999747e+00 5.198312597230947176e+02
5.599999999999999645e+00 5.618405175877935562e+02
5.800000999999999962e+00 6.066469755687146517e+02
6.000000000000000000e+00 6.517939803263450358e+02
6.200001000000000317e+00 6.897325742999312297e+02
6.400001999999999747e+00 7.358381532733963013e+02
6.599999999999999645e+00 7.784268518493058764e+02
6.800000999999999962e+00 8.277686898225117602e+02
7.000000000000000000e+00 8.730929536452977118e+02
7.200001000000000317e+00 9.275985344048931438e+02
7.400001999999999747e+00 9.784569763578044785e+02
7.599999999999999645e+00 1.025817729767426272e+03
7.800000999999999962e+00 1.077812900768957206e+03
8.000000000000000000e+00 1.133557501308353949e+03
8.200001000000000317e+00 1.178154319310227493e+03
8.400002000000000635e+00 1.233694009331189363e+03
8.599999999999999645e+00 1.277257344131728360e+03
8.800000999999999962e+00 1.337917518564218653e+03
9.000000000000000000e+00 1.384739231047285330e+03
9.200001000000000317e+00 1.436781615830185729e+03
9.400002000000000635e+00 1.489097596915858730e+03
9.599999999999999645e+00 1.536735083993287162e+03
9.800000999999999962e+00 1.591738350473591936e+03
1.000000000000000000e+01 1.649146886602278528e+03
1.019999999999999929e+01 1.694997376906917225e+03
1.040000000000000036e+01 1.740323120297584410e+03
1.059999999999999964e+01 1.792154748592868145e+03
1.080000000000000071e+01 1.831520432653135686e+03
1.100000000000000000e+01 1.874446131688008336e+03
1.119999999999999929e+01 1.918955812313723300e+03
1.140000000000000036e+01 1.953071641610384631e+03
1.159999999999999964e+01 1.982814157754048665e+03
1.180000000000000071e+01 2.016202421242617447e+03
1.200000000000000000e+01 2.050254149274616793e+03
1.219999999999999929e+01 2.072985835457920075e+03
1.240000000000000036e+01 2.101412856706866478e+03
1.259999999999999964e+01 2.128549568919504964e+03
1.280000000000000071e+01 2.155409392802560433e+03
1.300000000000000000e+01 2.189004891022722404e+03
1.319999999999999929e+01 2.214347837702960533e+03
1.340000000000000036e+01 2.245449281146818066e+03
1.359999999999999964e+01 2.279319600558075763e+03
1.380000000000000071e+01 2.310968557424433129e+03
1.400000000000000000e+01 2.343405342149333592e+03
1.419999999999999929e+01 2.383638616443392038e+03
1.440000000000000036e+01 2.415676551924370870e+03
1.459999999999999964e+01 2.457526865320596698e+03
1.480000000000000071e+01 2.494196850625974548e+03
1.500000000000000000e+01 2.535693408514175644e+03
1.519999999999999929e+01 2.578023073284264683e+03
1.540000000000000036e+01 2.616192037579271528e+03
1.559999999999999964e+01 2.654206175092334888e+03
1.580000000000000071e+01 2.696071061451489186e+03
1.600000000000000000e+01 2.735791993453514806e+03
1.619999999999999929e+01 2.776374006799132985e+03
1.639999999999999858e+01 2.826821892465804467e+03
1.660000000000000142e+01 2.860140211840292068e+03
1.680000000000000071e+01 2.913333310720675399e+03
1.700000000000000000e+01 2.960405332286427438e+03
1.719999999999999929e+01 3.005360229125387377e+03
1.739999999999999858e+01 3.068201774397723966e+03
1.760000000000000142e+01 3.114933572209240083e+03
1.780000000000000071e+01 3.169559067259453968e+03
1.800000000000000000e+01 3.232081553823702961e+03
1.819999999999999929e+01 3.298504184123011328e+03
1.839999999999999858e+01 3.355829976130503383e+03
1.860000000000000142e+01 3.423061820858712508e+03
1.880000000000000071e+01 3.490202489168154898e+03
1.900000000000000000e+01 3.562254638133951630e+03
1.919999999999999929e+01 3.623220817004049422e+03
1.939999999999999858e+01 3.693103472779702315e+03
1.960000000000000142e+01 3.763904955446218082e+03
1.980000000000000071e+01 3.827627522879633489e+03
2.000000000000000000e+01 3.902273345452805188e+03
2.019999999999999929e+01 3.959844510362482197e+03
2.039999999999999858e+01 4.015343025697129633e+03
2.060000000000000142e+01 4.080770824263709073e+03
2.080000000000000071e+01 4.135129767190121129e+03
2.100000000000000000e+01 4.178421647318726173e+03
2.119999999999999929e+01 4.226648192405125883e+03
2.139999999999999858e+01 4.261811068135298228e+03
2.160000000000000142e+01 4.287911880973169900e+03
2.180000000000000071e+01 4.311952180849788419e+03
2.200000000000000000e+01 3.845933463704422138e+03
2.219999999999999929e+01 4.326857173887136923e+03
2.239999999999999858e+01 4.324724706431706181e+03
2.260000000000000142e+01 4.321537409207048768e+03
2.280000000000000071e+01 4.302296584954812715e+03
2.300000000000000000e+01 4.281003493220159726e+03
2.319999999999999929e+01 4.254659352182316070e+03
2.339999999999999858e+01 4.216265340391001700e+03
2.360000000000000142e+01 4.180822598414388267e+03
2.380000000000000071e+01 4.135332230403897483e+03
2.400000000000000000e+01 4.085795305580748391e+03
2.419999999999999929e+01 4.024212859648843732e+03
2.439999999999999858e+01 3.981585896138277803e+03
2.460000000000000142e+01 3.919915387683467998e+03
2.480000000000000071e+01 3.869202277239633077e+03
2.500000000000000000e+01 3.806447479241111978e+03
2.519999999999999929e+01 3.740651880704790528e+03
2.539999999999999858e+01 3.679816342281676498e+03
2.560000000000000142e+01 3.610941699259497000e+03
2.580000000000000071e+01 3.549028762518983058e+03
2.600000000000000000e+01 3.488078319446362912e+03
2.619999999999999929e+01 3.419091134804404192e+03
2.639999999999999858e+01 3.360067951564234590e+03
2.660000000000000142e+01 3.297009491699994214e+03
2.680000000000000071e+01 3.230916456948284122e+03
2.700000000000000000e+01 3.168789529534235953e+03
2.719999999999999929e+01 3.104629372865923870e+03
2.739999999999999858e+01 3.043436632198745428e+03
2.760000000000000142e+01 2.981211935271290713e+03
2.780000000000000071e+01 2.911955892914139440e+03
2.800000000000000000e+01 2.849669099632940743e+03
2.819999999999999929e+01 2.797352134167049371e+03
2.839999999999999858e+01 2.735005560024922943e+03
2.860000000000000142e+01 2.678629925997416194e+03
2.880000000000000071e+01 2.630225766650043624e+03
2.900000000000000000e+01 2.569793602795224615e+03
2.919999999999999929e+01 2.514333941945462357e+03
2.939999999999999858e+01 2.465847278748369718e+03
2.960000000000000142e+01 2.417334095404387426e+03
2.980000000000000071e+01 2.360794862068009479e+03
3.000000000000000000e+01 2.322230037233279745e+03
3.019999999999999929e+01 2.276640068104281909e+03
3.039999999999999858e+01 2.226025390951314421e+03
3.060000000000000142e+01 2.185386431453393925e+03
3.080000000000000071e+01 2.145723605027711983e+03
3.100000000000000000e+01 2.108037317146619444e+03
3.119999999999999929e+01 2.065327963642703708e+03
3.139999999999999858e+01 2.031595931002477755e+03
3.160000000000000142e+01 1.993841596649182520e+03
3.180000000000000071e+01 1.961065329215177599e+03
3.200000000000000000e+01 1.924267488804372533e+03
3.220000000000000284e+01 1.891448427245121820e+03
3.239999999999999858e+01 1.858608488333996547e+03
3.260000000000000142e+01 1.831748008070817832e+03
3.279999999999999716e+01 1.799867314885318137e+03
3.300000000000000000e+01 1.768966729855784251e+03
3.320000000000000284e+01 1.742046566920014584e+03
3.339999999999999858e+01 1.718107133078906827e+03
3.360000000000000142e+01 1.692148728592982934e+03
3.379999999999999716e+01 1.666171647172132907e+03
3.400000000000000000e+01 1.638176176158860926e+03
3.420000000000000284e+01 1.616162596705288252e+03
3.439999999999999858e+01 1.588131183944165741e+03
3.460000000000000142e+01 1.570082207154138587e+03
3.479999999999999716e+01 1.543015929919482005e+03
3.500000000000000000e+01 1.518932610284532984e+03
3.520000000000000284e+01 1.497832500903022719e+03
3.539999999999999858e+01 1.479715849182505735e+03
3.560000000000000142e+01 1.458582897424079420e+03
3.579999999999999716e+01 1.445433882957570404e+03
3.600000000000000000e+01 1.429269038272363787e+03
3.620000000000000284e+01 1.419088591144039128e+03
3.639999999999999858e+01 1.410892764756971246e+03
3.660000000000000142e+01 1.411681777823049288e+03
3.679999999999999716e+01 1.403455844696653458e+03
3.700000000000000000e+01 1.406215175486036742e+03
3.720000000000000284e+01 1.403959976161233499e+03
3.739999999999999858e+01 1.407690448658631794e+03
3.760000000000000142e+01 1.414406790982325447e+03
3.779999999999999716e+01 1.413109197302364009e+03
3.800000000000000000e+01 1.419797858050012110e+03
3.820000000000000284e+01 1.428472960010126144e+03
3.839999999999999858e+01 1.434134686410749737e+03
3.860000000000000142e+01 1.443783217010028693e+03
3.879999999999999716e+01 1.452418728180536164e+03
3.900000000000000000e+01 1.470041392991103521e+03
3.920000000000000284e+01 1.488651381286239484e+03
3.939999999999999858e+01 1.503248859763224118e+03
3.960000000000000142e+01 1.522833992046956155e+03
3.979999999999999716e+01 1.547406938762632308e+03
4.000000000000000000e+01 1.574967857606331108e+03
4.020000000000000284e+01 1.590516903413572209e+03
4.039999999999999858e+01 1.620054228225920724e+03
4.060000000000000142e+01 1.639579981355703239e+03
4.079999999999999716e+01 1.665094309448893910e+03
4.100000000000000000e+01 1.689597356546237279e+03
4.120000000000000284e+01 1.706089264142662842e+03
4.139999999999999858e+01 1.729570171245046822e+03
4.160000000000000142e+01 1.750040214428379841e+03
4.179999999999999716e+01 1.767499527890383888e+03
4.200000000000000000e+01 1.783948243504641596e+03
4.220000000000000284e+01 1.805386490872269633e+03
4.239999999999999858e+01 1.820814397372199664e+03
4.260000000000000142e+01 1.841232088210098027e+03
4.279999999999999716e+01 1.854639686465974592e+03
4.300000000000000000e+01 1.872037313140519473e+03
4.320000000000000284e+01 1.893425087200210783e+03
4.339999999999999858e+01 1.907803125621225718e+03
4.360000000000000142e+01 1.933171543432198405e+03
4.379999999999999716e+01 1.944530453755858161e+03
4.400000000000000000e+01 1.967879967849582044e+03
4.420000000000000284e+01 1.991220195144894205e+03
4.439999999999999858e+01 2.010551243285946157e+03
4.460000000000000142e+01 2.027873218167010918e+03
4.479999999999999716e+01 2.049186223969013554e+03
4.500000000000000000e+01 2.074490363195134705e+03
4.520000000000000284e+01 2.092785736705512591e+03
4.539999999999999858e+01 2.119072443751067112e+03
4.560000000000000142e+01 2.135350582006478362e+03
4.579999999999999716e+01 2.158620247602337258e+03
4.600000000000000000e+01 2.179881535156500377e+03
4.620000000000000284e+01 2.197134537804663523e+03
4.639999999999999858e+01 2.213379347230189069e+03
4.660000000000000142e+01 2.235616053693192043e+03
4.679999999999999716e+01 2.250844746058925011e+03
4.700000000000000000e+01 2.273065511825464455e+03
4.720000000000000284e+01 2.287278437150733680e+03
4.739999999999999858e+01 2.304483606878870432e+03
4.760000000000000142e+01 2.316681104565961505e+03
4.779999999999999716e+01 2.334871012505165709e+03
4.800000000000000000e+01 2.348053411751237036e+03
4.820000000000000284e+01 2.362228382144464831e+03
4.839999999999999858e+01 2.375396002334055538e+03
4.860000000000000142e+01 2.386556349800958742e+03
4.879999999999999716e+01 2.396709500880165251e+03
4.900000000000000000e+01 2.409855530782480400e+03
4.920000000000000284e+01 2.413994513615798951e+03
4.939999999999999858e+01 2.423126522405883406e+03
4.960000000000000142e+01 2.435251629116668482e+03
4.979999999999999716e+01 2.435369904670098549e+03
5.000000000000000000e+01 2.446481418965513967e+03
5.020000000000000284e+01 2.446586240898598589e+03
5.039999999999999858e+01 2.448684438379896619e+03
5.060000000000000142e+01 2.455776078352912918e+03
5.079999999999999716e+01 2.451861226811810866e+03
5.100000000000000000e+01 2.454939948818710945e+03
5.120000000000000284e+01 2.450012308520606894e+03
5.139999999999999858e+01 2.454078369165907134e+03
5.160000000000000142e+01 2.451138193120611504e+03
5.179999999999999716e+01 2.443191841884132373e+03
5.200000000000000000e+01 2.439239376104767871e+03
5.220000000000000284e+01 2.434280855594842706e+03
5.239999999999999858e+01 2.424316339345516099e+03
5.260000000000000142e+01 2.414345885541270036e+03
5.279999999999999716e+01 2.412369551574087836e+03
5.300000000000000000e+01 2.400387394057328493e+03
5.320000000000000284e+01 2.392399468839300425e+03
5.339999999999999858e+01 2.379405831016552838e+03
5.360000000000000142e+01 2.365406534946880583e+03
5.379999999999999716e+01 2.356401634262055723e+03
5.400000000000000000e+01 2.340391181880292152e+03
5.420000000000000284e+01 2.326375230018448747e+03
5.439999999999999858e+01 2.313353830203977850e+03
5.460000000000000142e+01 2.299327033286623646e+03
5.479999999999999716e+01 2.286294889449881794e+03
5.500000000000000000e+01 2.264257448222219864e+03
5.520000000000000284e+01 2.247214758488066309e+03
5.539999999999999858e+01 2.230166868498579333e+03
5.560000000000000142e+01 2.212113825882189303e+03
5.579999999999999716e+01 2.193055677654932879e+03
5.600000000000000000e+01 2.171992470230573872e+03
5.620000000000000284e+01 2.151924249430521741e+03
5.639999999999999858e+01 2.128851060493550449e+03
5.660000000000000142e+01 2.114772948085323151e+03
5.679999999999999716e+01 2.087689956307725879e+03
5.700000000000000000e+01 2.061602128708015698e+03
5.720000000000000284e+01 2.040509508287790140e+03
5.739999999999999858e+01 2.019412137511774290e+03
5.760000000000000142e+01 1.994310058316440973e+03
5.779999999999999716e+01 1.969203312118459507e+03
5.800000000000000000e+01 1.947091939822978020e+03
5.820000000000000284e+01 1.921975981831747504e+03
5.839999999999999858e+01 1.896855478051086266e+03
5.860000000000000142e+01 1.871730467899691121e+03
5.879999999999999716e+01 1.849600990316299431e+03
5.900000000000000000e+01 1.827467083767202439e+03
5.920000000000000284e+01 1.804328786253616727e+03
5.939999999999999858e+01 1.776186135318912875e+03
5.960000000000000142e+01 1.760039168055709069e+03
5.979999999999999716e+01 1.729887921112830554e+03
6.000000000000000000e+01 1.714732430702136753e+03
6.020000000000000284e+01 1.690572732605220608e+03
6.039999999999999858e+01 1.666408862179982862e+03
6.060000000000000142e+01 1.649240854367083102e+03
6.079999999999999716e+01 1.630068743696271213e+03
6.100000000000000000e+01 1.607892564292602401e+03
6.120000000000000284e+01 1.584712349882536046e+03
6.139999999999999858e+01 1.568528133799922216e+03
6.160000000000000142e+01 1.551339948991880192e+03
6.179999999999999716e+01 1.531147828024568526e+03
6.200000000000000000e+01 1.514951803088848692e+03
6.220000000000000284e+01 1.495751906005848468e+03
6.239999999999999858e+01 1.477548168232422540e+03
6.260000000000000142e+01 1.462340620866515565e+03
6.279999999999999716e+01 1.449129294652429280e+03
6.300000000000000000e+01 1.429914219985993441e+03
6.320000000000000284e+01 1.416695426919646934e+03
6.339999999999999858e+01 1.401472945167425905e+03
6.360000000000000142e+01 1.387246804109865934e+03
6.379999999999999716e+01 1.373017032798814853e+03
6.400000000000000000e+01 1.359783659962163256e+03
6.420000000000000284e+01 1.346546714008490198e+03
6.440000000000000568e+01 1.333306223031627724e+03
6.459999999999999432e+01 1.323062214815147172e+03
6.479999999999999716e+01 1.311814716836765001e+03
6.500000000000000000e+01 1.301563756272674254e+03
6.520000000000000284e+01 1.291309360001800542e+03
6.540000000000000568e+01 1.276051554609983896e+03
6.559999999999999432e+01 1.271790366394089688e+03
6.579999999999999716e+01 1.261525821366049286e+03
6.600000000000000000e+01 1.249257945256830226e+03
6.620000000000000284e+01 1.244986763520340901e+03
6.640000000000000568e+01 1.235712301337267036e+03
6.659999999999999432e+01 1.228434583618845636e+03
6.679999999999999716e+01 1.224153635010572089e+03
6.700000000000000000e+01 1.216869479895847689e+03
6.720000000000000284e+01 1.213582142399565328e+03
6.740000000000000568e+01 1.209291646391634004e+03
6.759999999999999432e+01 1.200998015490446960e+03
6.779999999999999716e+01 1.196701273066289787e+03
6.800000000000000000e+01 1.192401442244693726e+03
6.820000000000000284e+01 1.184098545909733275e+03
6.840000000000000568e+01 1.176792606707268988e+03
6.859999999999999432e+01 1.172483647048137755e+03
6.879999999999999716e+01 1.165171689111291016e+03
6.900000000000000000e+01 1.157856754846880676e+03
6.920000000000000284e+01 1.150538865979296133e+03
6.940000000000000568e+01 1.143218044010151061e+03
6.959999999999999432e+01 1.130894310221222895e+03
6.979999999999999716e+01 1.126567685677344798e+03
7.000000000000000000e+01 1.119238191229249651e+03
7.020000000000000284e+01 1.109905847516370613e+03
7.040000000000000568e+01 1.097570674969595984e+03
7.059999999999999432e+01 1.092232693813979495e+03
7.079999999999999716e+01 1.081891924071409449e+03
7.100000000000000000e+01 1.075548385563233296e+03
7.120000000000000284e+01 1.069202097912842419e+03
7.140000000000000568e+01 1.059853080548216212e+03
7.159999999999999432e+01 1.054501352704424789e+03
7.179999999999999716e+01 1.044146933426094165e+03
7.200000000000000000e+01 1.039789841569832106e+03
7.220000000000000284e+01 1.030430095806616919e+03
7.240000000000000568e+01 1.028067714624147357e+03
7.259999999999999432e+01 1.016702716329159102e+03
7.279999999999999716e+01 1.010335119049702598e+03
7.300000000000000000e+01 1.007964940737388133e+03
7.320000000000000284e+01 9.985921991695945508e+02
7.340000000000000568e+01 9.902169119516458977e+02
7.359999999999999432e+01 9.868390965189537383e+02
7.379999999999999716e+01 9.814587701391271821e+02
7.400000000000000000e+01 9.730759499140508524e+02
7.420000000000000284e+01 9.696906527819318171e+02
7.440000000000000568e+01 9.633028955193149159e+02
7.459999999999999432e+01 9.579126947430687551e+02
7.479999999999999716e+01 9.525200669123405532e+02
7.500000000000000000e+01 9.471250283304831328e+02
7.520000000000000284e+01 9.407275951469521260e+02
7.540000000000000568e+01 9.373277833591757826e+02
7.559999999999999432e+01 9.329256088143960142e+02
7.579999999999999716e+01 9.235210872114837457e+02
7.600000000000000000e+01 9.191142341027251632e+02
7.620000000000000284e+01 9.137050648955843144e+02
7.640000000000000568e+01 9.102935948544378562e+02
7.659999999999999432e+01 9.018798391022850183e+02
7.679999999999999716e+01 8.974638126224331245e+02
7.700000000000000000e+01 8.930455302601576477e+02
7.720000000000000284e+01 8.866250067243390731e+02
7.740000000000000568e+01 8.832022565890752048e+02
7.759999999999999432e+01 8.767772942952708490e+02
7.779999999999999716e+01 8.713501341522043049e+02
7.800000000000000000e+01 8.659207903390711181e+02
7.820000000000000284e+01 8.614892769065060065e+02
7.840000000000000568e+01 8.550556077780835267e+02
7.859999999999999432e+01 8.516197967517960024e+02
7.879999999999999716e+01 8.441818575015117858e+02
7.900000000000000000e+01 8.397418035784123731e+02
7.920000000000000284e+01 8.342996484124082599e+02
7.940000000000000568e+01 8.328554053135366075e+02
7.959999999999999432e+01 8.234090874733381042e+02
7.979999999999999716e+01 8.169607079662142723e+02
8.000000000000000000e+01 8.135102797507665855e+02
8.020000000000000284e+01 8.100578156711164866e+02
8.040000000000000568e+01 8.006033284582067608e+02
8.059999999999999432e+01 7.991468307310851742e+02
8.079999999999999716e+01 7.896883349981708307e+02
8.100000000000000000e+01 7.872278536585015445e+02
8.120000000000000284e+01 7.817653990029652959e+02
8.140000000000000568e+01 7.763009832155146341e+02
8.159999999999999432e+01 7.708346183743637994e+02
8.179999999999999716e+01 7.663663164531701568e+02
8.200000000000000000e+01 7.578960893221985771e+02
8.220000000000000284e+01 7.544239487494711511e+02
8.240000000000000568e+01 7.479499064019006482e+02
8.259999999999999432e+01 7.454739738464081711e+02
8.279999999999999716e+01 7.369961625510270551e+02
8.300000000000000000e+01 7.335164838859898282e+02
8.320000000000000284e+01 7.280349491248031200e+02
8.340000000000000568e+01 7.185515694453056312e+02
8.359999999999999432e+01 7.160663559307139394e+02
8.379999999999999716e+01 7.115793195706529559e+02
8.400000000000000000e+01 7.060904712621736508e+02
8.420000000000000284e+01 7.015998218107565663e+02
8.440000000000000568e+01 6.931073819313020294e+02
8.459999999999999432e+01 6.916131622491084272e+02
8.479999999999999716e+01 6.821171733008359297e+02
8.500000000000000000e+01 6.816194255354582765e+02
8.520000000000000284e+01 6.741199293152027394e+02
8.540000000000000568e+01 6.706186949164765565e+02
8.559999999999999432e+01 6.651157325307819974e+02
8.579999999999999716e+01 6.606110522656194917e+02
8.600000000000000000e+01 6.531046641453788197e+02
8.620000000000000284e+01 6.505965781122188218e+02
8.640000000000000568e+01 6.450868040269356243e+02
8.659999999999999432e+01 6.395753516698198382e+02
8.679999999999999716e+01 6.360622307415028445e+02
8.700000000000000000e+01 6.315474508637917097e+02
8.720000000000000284e+01 6.260310215804936433e+02
8.740000000000000568e+01 6.225129523582304500e+02
8.759999999999999432e+01 6.159932525872416136e+02
8.779999999999999716e+01 6.154719315821779446e+02
8.800000000000000000e+01 6.089489985828846557e+02
8.820000000000000284e+01 6.034244627551752274e+02
8.840000000000000568e+01 6.008983331915942472e+02
8.859999999999999432e+01 5.983706189121719490e+02
8.879999999999999716e+01 5.918413288651690891e+02
8.900000000000000000e+01 5.903104719278105676e+02
8.920000000000000284e+01 5.847780569070134788e+02
8.940000000000000568e+01 5.812440925401020877e+02
8.959999999999999432e+01 5.767085874955171221e+02
8.979999999999999716e+01 5.761715503735140373e+02
9.000000000000000000e+01 5.666329897068542323e+02
9.020000000000000284e+01 5.680929139614861469e+02
9.040000000000000568e+01 5.615513315372197667e+02
9.059999999999999432e+01 5.600082507683910080e+02
9.079999999999999716e+01 5.544636799245188286e+02
9.100000000000000000e+01 5.539176272109549473e+02
9.120000000000000284e+01 5.473701007695237877e+02
9.140000000000000568e+01 5.468211086791565094e+02
9.159999999999999432e+01 5.402706589565161721e+02
9.179999999999999716e+01 5.397187595566158507e+02
9.200000000000000000e+01 5.381654183734284516e+02
9.220000000000000284e+01 5.306106432404906172e+02
9.240000000000000568e+01 5.310544419314974220e+02
9.259999999999999432e+01 5.274968221608919521e+02
9.279999999999999716e+01 5.249377915844459039e+02
9.300000000000000000e+01 5.173773577998346127e+02
9.320000000000000284e+01 5.208155283472044630e+02
9.340000000000000568e+01 5.162523107097338197e+02
9.359999999999999432e+01 5.126877123141871380e+02
9.379999999999999716e+01 5.071217405314623647e+02
9.400000000000000000e+01 5.085544026771326571e+02
9.420000000000000284e+01 5.049857060119801417e+02
9.440000000000000568e+01 5.034156577425248429e+02
9.459999999999999432e+01 4.988442650215466188e+02
9.479999999999999716e+01 4.972715349486013565e+02
9.500000000000000000e+01 4.956974745705306873e+02
9.520000000000000284e+01 4.911220908819657325e+02
9.540000000000000568e+01 4.905453908258259617e+02
9.559999999999999432e+01 4.869673812938103765e+02
9.579999999999999716e+01 4.863880691268850001e+02
9.600000000000000000e+01 4.848074611157630329e+02
9.620000000000000284e+01 4.782255640013805191e+02
9.640000000000000568e+01 4.796423844753664980e+02
9.659999999999999432e+01 4.760579291805063917e+02
9.679999999999999716e+01 4.744722047112022096e+02
9.700000000000000000e+01 4.688852176139255903e+02
9.720000000000000284e+01 4.682969743876662960e+02
9.740000000000000568e+01 4.677074814843764443e+02
9.759999999999999432e+01 4.631167453094078041e+02
9.779999999999999716e+01 4.625247722219461934e+02
9.800000000000000000e+01 4.589315685354393395e+02
9.820000000000000284e+01 4.583371405180203055e+02
9.840000000000000568e+01 4.527414943929270521e+02
9.859999999999999432e+01 4.551446363389156886e+02
9.879999999999999716e+01 4.525465724906704281e+02
9.900000000000000000e+01 4.489473089392079714e+02
9.920000000000000284e+01 4.443468517322782532e+02
9.940000000000000568e+01 4.457452068747595604e+02
9.959999999999999432e+01 4.411423803290503542e+02
9.979999999999999716e+01 4.385383780154562032e+02
1.000000000000000000e+02 4.379332058125722256e+02
1.002000000000000028e+02 4.343268695576616096e+02
1.004000000000000057e+02 4.347193750470298710e+02
1.005999999999999943e+02 4.291107280363947893e+02
1.007999999999999972e+02 4.285009342412524802e+02
1.010000000000000000e+02 4.278899993372394306e+02
1.012000000000000028e+02 4.242779289604902715e+02
1.014000000000000057e+02 4.226647287079919693e+02
1.015999999999999943e+02 4.180504041379336400e+02
1.017999999999999972e+02 4.214349607700536922e+02
1.020000000000000000e+02 4.118184040859813422e+02
1.022000000000000028e+02 4.152007395295760830e+02
1.024000000000000057e+02 4.105819725072626625e+02
1.025999999999999943e+02 4.079621083883625943e+02
1.027999999999999972e+02 4.063411525054220874e+02
1.030000000000000000e+02 4.047191101545361107e+02
1.032000000000000028e+02 4.030959865956697854e+02
1.034000000000000057e+02 3.984717870529754578e+02
1.035999999999999943e+02 3.998465167151067590e+02
1.037999999999999972e+02 3.962201807355291407e+02
1.040000000000000000e+02 3.935927842328275688e+02
1.042000000000000028e+02 3.919643322910101233e+02
1.044000000000000057e+02 3.883348299598089852e+02
1.045999999999999943e+02 3.857042822549780112e+02
1.047999999999999972e+02 3.850726941585871828e+02
1.050000000000000000e+02 3.834400706193140991e+02
1.052000000000000028e+02 3.818064165527316050e+02
1.054000000000000057e+02 3.761717368415938267e+02
1.055999999999999943e+02 3.765360363361177178e+02
1.057999999999999972e+02 3.738993198542626715e+02
1.060000000000000000e+02 3.702615921820064386e+02
1.062000000000000028e+02 3.696228580736189429e+02
1.064000000000000057e+02 3.659831222519324001e+02
1.065999999999999943e+02 3.623423894086096197e+02
1.067999999999999972e+02 3.597006642044080991e+02
1.070000000000000000e+02 3.630579512694432083e+02
1.072000000000000028e+02 3.584142552034467144e+02
1.074000000000000057e+02 3.557695805760241683e+02
1.075999999999999943e+02 3.531239319269085968e+02
1.077999999999999972e+02 3.484773137662127169e+02
1.080000000000000000e+02 3.498297305746768870e+02
1.082000000000000028e+02 3.471811868039160345e+02
1.084000000000000057e+02 3.435316868766636276e+02
1.085999999999999943e+02 3.438812351870124644e+02
1.087999999999999972e+02 3.372298361006539267e+02
1.090000000000000000e+02 3.365774939551143916e+02
1.092000000000000028e+02 3.369242130599891993e+02
1.094000000000000057e+02 3.302699976971741762e+02
1.095999999999999943e+02 3.296148521210949980e+02
1.097999999999999972e+02 3.289587805589344498e+02
1.100000000000000000e+02 3.283017872108565598e+02
1.102000000000000028e+02 3.236438762502295958e+02
1.104000000000000057e+02 3.199850518238457653e+02
1.105999999999999943e+02 3.203253180521394938e+02
1.107999999999999972e+02 3.196646790294030325e+02
1.110000000000000000e+02 3.110031388240001888e+02
1.112000000000000028e+02 3.133407014785777278e+02
1.114000000000000057e+02 3.076773710102748396e+02
1.115999999999999943e+02 3.070131514109303339e+02
1.117999999999999972e+02 3.083480466472879016e+02
1.120000000000000000e+02 3.026820606611993298e+02
1.122000000000000028e+02 3.000151973698257279e+02
1.124000000000000057e+02 2.993474606658367065e+02
1.125999999999999943e+02 2.966788544176073970e+02
1.127999999999999972e+02 2.940093824694141631e+02
1.130000000000000000e+02 2.923390486416275849e+02
1.132000000000000028e+02 2.906678567309040773e+02
1.134000000000000057e+02 2.889958105103755770e+02
1.135999999999999943e+02 2.863229137298370688e+02
1.137999999999999972e+02 2.816491701159327476e+02
1.140000000000000000e+02 2.809745833723399073e+02
1.142000000000000028e+02 2.812991571799514077e+02
1.144000000000000057e+02 2.736228951970560956e+02
1.145999999999999943e+02 2.769458010595176347e+02
1.147999999999999972e+02 2.732678783809515721e+02
1.150000000000000000e+02 2.695891307529008714e+02
1.152000000000000028e+02 2.719095617450090572e+02
1.154000000000000057e+02 2.662291749051929060e+02
1.155999999999999943e+02 2.655479737598121233e+02
1.157999999999999972e+02 2.618659618138385667e+02
1.160000000000000000e+02 2.591831425510230815e+02
1.162000000000000028e+02 2.584995194340610283e+02
1.164000000000000057e+02 2.578150959047561628e+02
1.165999999999999943e+02 2.561298753841829807e+02
1.167999999999999972e+02 2.524438612728478688e+02
1.170000000000000000e+02 2.497570569508478115e+02
1.172000000000000028e+02 2.480694657780286434e+02
1.174000000000000057e+02 2.473810910941411976e+02
1.175999999999999943e+02 2.446919362189958065e+02
1.177999999999999972e+02 2.410020044526164043e+02
1.180000000000000000e+02 2.433112990753916165e+02
1.182000000000000028e+02 2.376198233482257365e+02
1.184000000000000057e+02 2.379275805126875412e+02
1.185999999999999943e+02 2.342345737911584251e+02
1.187999999999999972e+02 2.335408063869779198e+02
1.190000000000000000e+02 2.298462814845895537e+02
1.192000000000000028e+02 2.291510022496836427e+02
1.194000000000000057e+02 2.284549718293399678e+02
1.195999999999999943e+02 2.267581933521685755e+02
1.197999999999999972e+02 2.210606699284496131e+02
1.200000000000000000e+02 2.253624046502714009e+02
1.202000000000000028e+02 2.196634005916674823e+02
1.204000000000000057e+02 2.169636608087527634e+02
1.205999999999999943e+02 2.142631883398575496e+02
1.207999999999999972e+02 2.175619862056614693e+02
1.210000000000000000e+02 2.108600574093249520e+02
1.212000000000000028e+02 2.081574049366206509e+02
1.214000000000000057e+02 2.124540317560625908e+02
1.215999999999999943e+02 2.077499408190350891e+02
1.217999999999999972e+02 2.060451350599201419e+02
1.220000000000000000e+02 2.023396173962231614e+02
1.222000000000000028e+02 2.046333907286983163e+02
1.224000000000000057e+02 1.989264579414725063e+02
1.225999999999999943e+02 1.992188219021678037e+02
1.227999999999999972e+02 1.975104854620235528e+02
1.230000000000000000e+02 1.948014514560165367e+02
1.232000000000000028e+02 1.960917227029806327e+02
1.234000000000000057e+02 1.913813020057255017e+02
1.235999999999999943e+02 1.896701921511532873e+02
1.237999999999999972e+02 1.889583959103756001e+02
1.240000000000000000e+02 1.872459160388283976e+02
1.242000000000000028e+02 1.855327552763861831e+02
1.244000000000000057e+02 1.858189163474755219e+02
1.245999999999999943e+02 1.841044019611867952e+02
1.247999999999999972e+02 1.793892148113860117e+02
1.250000000000000000e+02 1.826733575768244577e+02
1.252000000000000028e+02 1.779568329212481785e+02
1.254000000000000057e+02 1.762396434935062643e+02
1.255999999999999943e+02 1.745217919276582279e+02
1.257999999999999972e+02 1.738032808430803584e+02
1.260000000000000000e+02 1.710841128445709955e+02
1.262000000000000028e+02 1.723642905224552351e+02
1.264000000000000057e+02 1.686438164526885544e+02
1.265999999999999943e+02 1.669226931969592442e+02
1.267999999999999972e+02 1.662009233027906134e+02
1.270000000000000000e+02 1.654785093036414878e+02
1.272000000000000028e+02 1.617554537190064821e+02
1.274000000000000057e+02 1.630317590545151347e+02
1.275999999999999943e+02 1.603074278020301335e+02
1.277999999999999972e+02 1.605824624397448588e+02
1.280000000000000000e+02 1.568568654322797329e+02
1.281999999999999886e+02 1.541306392307783995e+02
1.284000000000000057e+02 1.554037862730024244e+02
1.285999999999999943e+02 1.516763089834252582e+02
1.288000000000000114e+02 1.519482097733259138e+02
1.290000000000000000e+02 1.522194910408811097e+02
1.291999999999999886e+02 1.494901551712573564e+02
1.294000000000000057e+02 1.487602045367016217e+02
1.295999999999999943e+02 1.440296414966314273e+02
1.298000000000000114e+02 1.452984683977246618e+02
1.300000000000000000e+02 1.445666875740075739e+02
1.301999999999999886e+02 1.438343013469433345e+02
1.304000000000000057e+02 1.391013120255185527e+02
1.305999999999999943e+02 1.413677219063299617e+02
1.308000000000000114e+02 1.376335332736701957e+02
1.310000000000000000e+02 1.368987483996123160e+02
1.311999999999999886e+02 1.341633695440942802e+02
1.314000000000000057e+02 1.344273989550026727e+02
1.315999999999999943e+02 1.346908388682549571e+02
1.318000000000000114e+02 1.309536915078820698e+02
1.320000000000000000e+02 1.302159590861094784e+02
1.321999999999999886e+02 1.314776438034382409e+02
1.324000000000000057e+02 1.257387478487246995e+02
1.325999999999999943e+02 1.289992733992603462e+02
1.328000000000000114e+02 1.252592226208499824e+02
1.330000000000000000e+02 1.245185976678901625e+02
1.331999999999999886e+02 1.247774006834466718e+02
1.334000000000000057e+02 1.230356337993310945e+02
1.335999999999999943e+02 1.232932991361768700e+02
1.338000000000000114e+02 1.185503988035150655e+02
1.340000000000000000e+02 1.238069348998492387e+02
1.341999999999999886e+02 1.150629095127296182e+02
1.344000000000000057e+02 1.183183247188266591e+02
1.345999999999999943e+02 1.135731825840042575e+02
1.348000000000000114e+02 1.168274851633922822e+02
1.350000000000000000e+02 1.140812345014581410e+02
1.351999999999999886e+02 1.093344326320782329e+02
1.354000000000000057e+02 1.105870815786088883e+02
1.355999999999999943e+02 1.088391833539557751e+02
1.358000000000000114e+02 1.080907399606442709e+02
1.360000000000000000e+02 1.093417533908878454e+02
1.361999999999999886e+02 1.065922256266566706e+02
1.364000000000000057e+02 1.048421586397456622e+02
1.365999999999999943e+02 1.050915543918413277e+02
1.368000000000000114e+02 1.033404148345891258e+02
1.370000000000000000e+02 1.015887419096590065e+02
1.371999999999999886e+02 1.018365375488116911e+02
1.374000000000000057e+02 9.908380367396375732e+01
1.375999999999999943e+02 9.833054219725170242e+01
1.378000000000000114e+02 9.857675502109697163e+01
1.380000000000000000e+02 9.682244403826859980e+01
1.381999999999999886e+02 9.406761113194710333e+01
1.384000000000000057e+02 9.831225817578672377e+01
1.385999999999999943e+02 9.455638703397733025e+01
1.388000000000000114e+02 9.079999956130637884e+01
1.390000000000000000e+02 9.204309760321990552e+01
1.391999999999999886e+02 9.328568299588300761e+01
1.394000000000000057e+02 8.952775756624009773e+01
1.395999999999999943e+02 8.876932313207453262e+01
1.398000000000000114e+02 8.801038150206778710e+01
1.400000000000000000e+02 8.625093447585823014e+01
1.401999999999999886e+02 8.549098384409933260e+01
1.404000000000000057e+02 8.673053138851753374e+01
1.405999999999999943e+02 8.096957888196942577e+01
1.408000000000000114e+02 8.420812808849882458e+01
1.410000000000000000e+02 8.044618076339315849e+01
1.411999999999999886e+02 8.368373865323934524e+01
1.414000000000000057e+02 7.892080349597972599e+01
1.415999999999999943e+02 8.015737702096652129e+01
1.418000000000000114e+02 7.739346094901742390e+01
1.420000000000000000e+02 7.862905699246897484e+01
1.421999999999999886e+02 7.386416685523118986e+01
1.424000000000000057e+02 7.709879223284048066e+01
1.425999999999999943e+02 7.433293481251280355e+01
1.428000000000000114e+02 7.156659627319646688e+01
1.430000000000000000e+02 7.279977828562397235e+01
1.431999999999999886e+02 7.103248251236419719e+01
1.434000000000000057e+02 7.026471060787366696e+01
1.435999999999999943e+02 7.149646421854720302e+01
1.438000000000000114e+02 6.772774498276913846e+01
1.440000000000000000e+02 6.995855453096311294e+01
1.441999999999999886e+02 6.518889448564203803e+01
1.444000000000000057e+02 6.541876646145772156e+01
1.445999999999999943e+02 6.664817206524952553e+01
1.448000000000000114e+02 6.487711289609347887e+01
1.450000000000000000e+02 6.310559054535042378e+01
1.451999999999999886e+02 6.333360659671404846e+01
1.454000000000000057e+02 6.156116262625846502e+01
1.455999999999999943e+02 5.878826020248533268e+01
1.458000000000000114e+02 6.301490088637086728e+01
1.460000000000000000e+02 5.724108623141250973e+01
1.461999999999999886e+02 5.746681778367457127e+01
1.464000000000000057e+02 5.769209708183478824e+01
1.465999999999999943e+02 5.591692565722917152e+01
1.468000000000000114e+02 5.414130503389753812e+01
1.470000000000000000e+02 5.636523672862801959e+01
1.471999999999999886e+02 5.558872225100179776e+01
1.474000000000000057e+02 5.181176310343710156e+01
1.475999999999999943e+02 5.403436078123291963e+01
1.478000000000000114e+02 4.925651677261259920e+01
1.480000000000000000e+02 5.147823255876681969e+01
1.481999999999999886e+02 5.169950961389673694e+01
1.484000000000000057e+02 4.992034940525616094e+01
1.485999999999999943e+02 5.014075339319390423e+01
1.488000000000000114e+02 4.536072303119556182e+01
1.490000000000000000e+02 4.858025976592512052e+01
1.491999999999999886e+02 4.679936503726639785e+01
1.494000000000000057e+02 4.401804027836362820e+01
1.495999999999999943e+02 4.523628691566221960e+01
1.498000000000000114e+02 4.445410636894956724e+01
1.500000000000000000e+02 4.267150005139421864e+01
1.501999999999999886e+02 4.288846936958651668e+01
1.504000000000000057e+02 4.010501572357748046e+01
1.505999999999999943e+02 4.232114050691814100e+01
1.508000000000000114e+02 3.853684510669853580e+01
1.510000000000000000e+02 3.975213090358619183e+01
1.511999999999999886e+02 3.796699927186460855e+01
1.514000000000000057e+02 3.918145157947100188e+01
1.515999999999999943e+02 3.739548918803421884e+01
1.518000000000000114e+02 3.460911345291242469e+01
1.520000000000000000e+02 3.682232572322999431e+01
1.521999999999999886e+02 3.703512734191457412e+01
1.524000000000000057e+02 3.224751964573391660e+01
1.525999999999999943e+02 3.345950396533208959e+01
1.528000000000000114e+02 3.267108162526568549e+01
1.530000000000000000e+02 3.188225394403957580e+01
1.531999999999999886e+02 3.309302223414300670e+01
1.534000000000000057e+02 3.030338780208444405e+01
1.535999999999999943e+02 2.751335194842681631e+01
1.538000000000000114e+02 2.972291596782258694e+01
1.540000000000000000e+02 2.893208114904814465e+01
1.541999999999999886e+02 2.914084877503842108e+01
1.544000000000000057e+02 2.534922012292065574e+01
1.545999999999999943e+02 2.655719646404855894e+01
1.548000000000000114e+02 2.776477906403584939e+01
1.550000000000000000e+02 2.397196918278973499e+01
1.551999999999999886e+02 2.517876807454376831e+01
1.554000000000000057e+02 2.138517698789127053e+01
1.555999999999999943e+02 2.359119716581756165e+01
1.558000000000000114e+02 2.279682984573264548e+01
1.560000000000000000e+02 2.200207625950338297e+01
1.561999999999999886e+02 2.120693763348560879e+01
1.564000000000000057e+02 1.841141518855562254e+01
1.565999999999999943e+02 1.761551014014196426e+01
1.568000000000000114e+02 1.881922369825679198e+01
1.570000000000000000e+02 1.902255706752669084e+01
1.571999999999999886e+02 1.722551144722382332e+01
1.574000000000000057e+02 1.542808803129673834e+01
1.575999999999999943e+02 1.763028800840027088e+01
1.578000000000000114e+02 1.683211256192640803e+01
1.580000000000000000e+02 1.503356287003390435e+01
1.581999999999999886e+02 1.323464010567818150e+01
1.584000000000000057e+02 1.243534543664122793e+01
1.585999999999999943e+02 1.463568002556053216e+01
1.588000000000000114e+02 1.183564502995869816e+01
1.590000000000000000e+02 1.203524160227226503e+01
1.591999999999999886e+02 1.223447088988052656e+01
1.594000000000000057e+02 1.043333403513395297e+01
1.595999999999999943e+02 9.631832175383067352e+00
1.598000000000000114e+02 9.829966443006185273e+00
1.600000000000000000e+02 1.102773796543749540e+01
1.601999999999999886e+02 6.225147865195253871e+00
1.604000000000000057e+02 6.422197259908841716e+00
1.605999999999999943e+02 7.618887262346618172e+00
1.608000000000000114e+02 7.815218980443091823e+00
1.610000000000000000e+02 7.011193517325921221e+00
1.611999999999999886e+02 4.206811971342631296e+00
1.614000000000000057e+02 5.402075436087784510e+00
1.615999999999999943e+02 5.596985000428787771e+00
1.618000000000000114e+02 2.791541748532949896e+00
1.620000000000000000e+02 1.985746759893174840e+00
1.621999999999999886e+02 3.179601109353995980e+00
1.624000000000000057e+02 5.373105867137610403e+00
1.625999999999999943e+02 1.566262098869060537e+00
1.628000000000000114e+02 -1.240929134397845246e+00
1.630000000000000000e+02 9.515332238443647839e-01
1.631999999999999886e+02 -1.856349774417822118e+00
1.634000000000000057e+02 3.354229183059942443e-01
1.635999999999999943e+02 -4.731476549653734764e-01
1.638000000000000114e+02 -1.282060455659632225e+00
1.640000000000000000e+02 -3.091314449627020622e+00
1.641999999999999886e+02 -1.900908607115866289e+00
1.644000000000000057e+02 -2.710841902748370558e+00
1.645999999999999943e+02 -3.521113315496677387e+00
1.648000000000000114e+02 -5.331721828659510720e+00
1.650000000000000000e+02 -6.142666429837902342e+00
1.651999999999999886e+02 -4.953946110912170298e+00
1.654000000000000057e+02 -6.765559868018385714e+00
1.655999999999999943e+02 -6.577506701525521748e+00
1.658000000000000114e+02 -7.389785616012034097e+00
1.660000000000000000e+02 -7.202395620243351004e+00
1.661999999999999886e+02 -1.101533572714902220e+01
1.664000000000000057e+02 -7.828604953800152089e+00
1.665999999999999943e+02 -8.642202321387173924e+00
1.668000000000000114e+02 -1.145612685519722618e+01
1.670000000000000000e+02 -9.270377584592608855e+00
1.671999999999999886e+02 -1.208495354298844404e+01
1.674000000000000057e+02 -1.289985376783079118e+01
1.675999999999999943e+02 -1.071507730057544450e+01
1.678000000000000114e+02 -1.453062318666570718e+01
1.680000000000000000e+02 -1.034649047551181411e+01
1.681999999999999886e+02 -1.416267822046904712e+01
1.684000000000000057e+02 -1.497918547881693030e+01
1.685999999999999943e+02 -1.479601131173814110e+01
1.688000000000000114e+02 -1.361315478429781933e+01
1.690000000000000000e+02 -1.743061496542281930e+01
1.691999999999999886e+02 -1.524839092788107564e+01
1.694000000000000057e+02 -1.806648174826119657e+01
1.695999999999999943e+02 -1.688488650695239812e+01
1.698000000000000114e+02 -1.870360428812398368e+01
1.700000000000000000e+02 -1.952263417970550563e+01
1.701999999999999886e+02 -1.734197527336704070e+01
1.704000000000000057e+02 -1.916162666449889684e+01
1.705999999999999943e+02 -2.098158745219274124e+01
1.708000000000000114e+02 -1.980185673922136402e+01
1.710000000000000000e+02 -2.062243363201963575e+01
1.711999999999999886e+02 -2.144331724066529432e+01
1.714000000000000057e+02 -2.226450667885956136e+01
1.715999999999999943e+02 -2.408600106390844076e+01
1.718000000000000114e+02 -2.290779951670350556e+01
1.720000000000000000e+02 -2.372990116170331021e+01
1.721999999999999886e+02 -2.155230512691480271e+01
1.724000000000000057e+02 -2.737501054387445265e+01
1.725999999999999943e+02 -2.319801654763040233e+01
1.728000000000000114e+02 -2.402132227672353793e+01
1.730000000000000000e+02 -2.684492687316981119e+01
1.731999999999999886e+02 -2.666882948244187901e+01
1.734000000000000057e+02 -2.549302925345125459e+01
1.735999999999999943e+02 -2.531752533853051546e+01
1.738000000000000114e+02 -2.814231689341545462e+01
1.740000000000000000e+02 -2.896740307722757279e+01
1.741999999999999886e+02 -2.679278305245674119e+01
1.744000000000000057e+02 -2.961845598494318210e+01
1.745999999999999943e+02 -2.944442104386109804e+01
1.748000000000000114e+02 -2.927067740170082288e+01
1.750000000000000000e+02 -3.009722423425193938e+01
1.751999999999999886e+02 -2.992406072058645350e+01
1.754000000000000057e+02 -3.175118604304185510e+01
1.755999999999999943e+02 -3.157859938720423543e+01
1.758000000000000114e+02 -2.940629994189208674e+01
1.760000000000000000e+02 -3.323428689913907874e+01
1.761999999999999886e+02 -3.206255945417842668e+01
1.764000000000000057e+02 -3.589111680542583827e+01
1.765999999999999943e+02 -3.171995815446388178e+01
1.768000000000000114e+02 -3.554908270602533094e+01
1.770000000000000000e+02 -3.337848966797764660e+01
1.771999999999999886e+02 -3.420817825130666279e+01
1.774000000000000057e+02 -3.403814767010106834e+01
1.775999999999999943e+02 -3.586839714153637715e+01
1.778000000000000114e+02 -3.469892588585940985e+01
1.780000000000000000e+02 -3.952973312637311665e+01
1.781999999999999886e+02 -3.436081808942049065e+01
1.784000000000000057e+02 -3.919218000436978855e+01
1.785999999999999943e+02 -3.602381810359889869e+01
1.788000000000000114e+02 -3.985573162248056178e+01
1.790000000000000000e+02 -3.668791979936685266e+01
1.791999999999999886e+02 -3.952038187557468518e+01
1.794000000000000057e+02 -3.835311709537069191e+01
1.795999999999999943e+02 -3.918612470595638797e+01
1.798000000000000114e+02 -4.101940395745356227e+01
1.800000000000000000e+02 -3.885295410288989615e+01
1.801999999999999886e+02 -4.268677439818395669e+01
1.804000000000000057e+02 -4.052086410213121326e+01
1.805999999999999943e+02 -4.035522247638954241e+01
1.808000000000000114e+02 -4.318984878546496020e+01
1.810000000000000000e+02 -4.102474229669741135e+01
1.811999999999999886e+02 -4.485990228024689941e+01
1.814000000000000057e+02 -4.369532800907933279e+01
1.815999999999999943e+02 -4.653101875895254125e+01
1.818000000000000114e+02 -4.436697380840263349e+01
1.820000000000000000e+02 -4.420319243873029791e+01
1.821999999999999886e+02 -3.309396739339869100e+02
