# energy (eV)  EELS (a.u)
3.400002000000000191e+00 8.663142826714192779e+01
3.600000000000000089e+00 4.199440496837451064e+01
3.800000999999999962e+00 1.076893551019911683e+02
4.000000000000000000e+00 -1.551167641990741686e+01
4.200001000000000317e+00 -1.244320816559443301e+02
4.400001999999999747e+00 -1.323320569525794781e+02
4.599999999999999645e+00 -1.047067130697441826e+02
4.800000999999999962e+00 1.789000282105189399e+01
5.000000000000000000e+00 1.519423510030756006e+02
5.200001000000000317e+00 3.461313778082940189e+02
5.400001999999999747e+00 5.284133332091594184e+02
5.599999999999999645e+00 7.061209962015523161e+02
5.800000999999999962e+00 8.740522054142138586e+02
6.000000000000000000e+00 1.024517815618031818e+03
6.200001000000000317e+00 1.048421970662445801e+03
6.400001999999999747e+00 1.282301079324076454e+03
6.599999999999999645e+00 1.394374968727287296e+03
6.800000999999999962e+00 1.485591659529701246e+03
7.000000000000000000e+00 1.571651187588317043e+03
7.200001000000000317e+00 1.654046478534851076e+03
7.400001999999999747e+00 1.731082823307099488e+03
7.599999999999999645e+00 1.781903852336600494e+03
7.800000999999999962e+00 1.837514312491065311e+03
8.000000000000000000e+00 1.889791959939663684e+03
8.200001000000000317e+00 1.925508494296399476e+03
8.400002000000000635e+00 1.978339341026806096e+03
8.599999999999999645e+00 2.011876915595077662e+03
8.800000999999999962e+00 2.053642276177592066e+03
9.000000000000000000e+00 2.082091090378381523e+03
9.200001000000000317e+00 2.126624418096983391e+03
9.400002000000000635e+00 2.165593650270056969e+03
9.599999999999999645e+00 2.187307320437013004e+03
9.800000999999999962e+00 2.228037099790490174e+03
1.000000000000000000e+01 2.248020805074360396e+03
1.019999999999999929e+01 2.270467930228527166e+03
1.040000000000000036e+01 2.294562326042501809e+03
1.059999999999999964e+01 2.311465654006107798e+03
1.080000000000000071e+01 2.329320040559818153e+03
1.100000000000000000e+01 2.342250463628264242e+03
1.119999999999999929e+01 2.355366844440174191e+03
1.140000000000000036e+01 2.379765881417837591e+03
1.159999999999999964e+01 2.382532658279939369e+03
1.180000000000000071e+01 2.402742054453535275e+03
1.200000000000000000e+01 2.422459982357976060e+03
1.219999999999999929e+01 2.433744473039511831e+03
1.240000000000000036e+01 2.460646628942487951e+03
1.259999999999999964e+01 2.473211460251337940e+03
1.280000000000000071e+01 2.497478619183341380e+03
1.300000000000000000e+01 2.509483044817321570e+03
1.319999999999999929e+01 2.543255529475008643e+03
1.340000000000000036e+01 2.566823216300856075e+03
1.359999999999999964e+01 2.590210036487533216e+03
1.380000000000000071e+01 2.614437093546239794e+03
1.400000000000000000e+01 2.645523001104302693e+03
1.419999999999999929e+01 2.664484179910587500e+03
1.440000000000000036e+01 2.698335119027551627e+03
1.459999999999999964e+01 2.707088605574680969e+03
1.480000000000000071e+01 2.733755926850445576e+03
1.500000000000000000e+01 2.741347048189263660e+03
1.519999999999999929e+01 2.753870769497765195e+03
1.540000000000000036e+01 2.760334863053608842e+03
1.559999999999999964e+01 2.764746194833802292e+03
1.580000000000000071e+01 2.770110831362310364e+03
1.600000000000000000e+01 2.776434133823791854e+03
1.619999999999999929e+01 2.776720840977369789e+03
1.639999999999999858e+01 2.792975142217589564e+03
1.660000000000000142e+01 2.786200741965977159e+03
1.680000000000000071e+01 2.801400916432959548e+03
1.700000000000000000e+01 2.825578563663887962e+03
1.719999999999999929e+01 2.834736247672304671e+03
1.739999999999999858e+01 2.849876237366540863e+03
1.760000000000000142e+01 2.871000540890509455e+03
1.780000000000000071e+01 2.904110935924743899e+03
1.800000000000000000e+01 2.923208996428019418e+03
1.819999999999999929e+01 2.953296116242174321e+03
1.839999999999999858e+01 2.993373529932043311e+03
1.860000000000000142e+01 3.024442331187839500e+03
1.880000000000000071e+01 3.074503489078171697e+03
1.900000000000000000e+01 3.125557862407437824e+03
1.919999999999999929e+01 3.173606212401065477e+03
1.939999999999999858e+01 3.236649213915451583e+03
1.960000000000000142e+01 3.282687465346025419e+03
1.980000000000000071e+01 3.374721497386256488e+03
2.000000000000000000e+01 3.441751780772308848e+03
2.019999999999999929e+01 3.531778733132070101e+03
2.039999999999999858e+01 3.635802725043249211e+03
2.060000000000000142e+01 3.720824085392867346e+03
2.080000000000000071e+01 3.837843106119566983e+03
2.100000000000000000e+01 3.949860046410587074e+03
2.119999999999999929e+01 4.074875136416781515e+03
2.139999999999999858e+01 4.206888580541631200e+03
2.160000000000000142e+01 4.330900560353622495e+03
2.180000000000000071e+01 4.470911237165592865e+03
2.200000000000000000e+01 4.617920754319527987e+03
2.219999999999999929e+01 4.778929239210821834e+03
2.239999999999999858e+01 4.950936805082019418e+03
2.260000000000000142e+01 5.117943552612580788e+03
2.280000000000000071e+01 5.269949571328117599e+03
2.300000000000000000e+01 5.477954940849814193e+03
2.319999999999999929e+01 5.641959732002355850e+03
2.339999999999999858e+01 5.839964007796572332e+03
2.360000000000000142e+01 6.017967824301098517e+03
2.380000000000000071e+01 6.205971231415738657e+03
2.400000000000000000e+01 6.368974273557724700e+03
2.419999999999999929e+01 6.524976990270804890e+03
2.439999999999999858e+01 6.674979416765910173e+03
2.460000000000000142e+01 6.782981584401188229e+03
2.480000000000000071e+01 6.844983521108271816e+03
2.500000000000000000e+01 6.875985251770858667e+03
2.519999999999999929e+01 6.883986798561016258e+03
2.539999999999999858e+01 6.868988181237958088e+03
2.560000000000000142e+01 6.775989417413553383e+03
2.580000000000000071e+01 6.671990522788285489e+03
2.600000000000000000e+01 6.547991511361004086e+03
2.619999999999999929e+01 6.396992395615409805e+03
2.639999999999999858e+01 6.216993186685866021e+03
2.660000000000000142e+01 6.035993894504878881e+03
2.680000000000000071e+01 5.847994527934266443e+03
2.700000000000000000e+01 5.647995094881871410e+03
2.719999999999999929e+01 5.455995602405394493e+03
2.739999999999999858e+01 5.271996056804813634e+03
2.760000000000000142e+01 5.082996463704640519e+03
2.780000000000000071e+01 4.879996828127152185e+03
2.800000000000000000e+01 4.691997154557589965e+03
2.819999999999999929e+01 4.526997447002232548e+03
2.839999999999999858e+01 4.349997709040108020e+03
2.860000000000000142e+01 4.191997943869069786e+03
2.880000000000000071e+01 4.037998154346846150e+03
2.900000000000000000e+01 3.888998343027618830e+03
2.919999999999999929e+01 3.740998512194627438e+03
2.939999999999999858e+01 3.620998663889230556e+03
2.960000000000000142e+01 3.479998799936817250e+03
2.980000000000000071e+01 3.368998921969910953e+03
3.000000000000000000e+01 3.249999031448774076e+03
3.019999999999999929e+01 3.143999129679790713e+03
3.039999999999999858e+01 3.054999217831859369e+03
3.060000000000000142e+01 2.949999296951028555e+03
3.080000000000000071e+01 2.879999367973547578e+03
3.100000000000000000e+01 2.801999431737525811e+03
3.119999999999999929e+01 2.734999488993330488e+03
3.139999999999999858e+01 2.689999540412878559e+03
3.160000000000000142e+01 2.636999586597929010e+03
3.180000000000000071e+01 2.596999628087490692e+03
3.200000000000000000e+01 2.558999665364438897e+03
3.220000000000000284e+01 2.521999698861426623e+03
3.239999999999999858e+01 2.479999728966167368e+03
3.260000000000000142e+01 2.445999756026154046e+03
3.279999999999999716e+01 2.410999780352878588e+03
3.300000000000000000e+01 2.356999802225604981e+03
3.320000000000000284e+01 2.328999821894738034e+03
3.339999999999999858e+01 2.290999839584842448e+03
3.360000000000000142e+01 2.246999855497336284e+03
3.379999999999999716e+01 2.220999869812905672e+03
3.400000000000000000e+01 2.189999882693661675e+03
3.420000000000000284e+01 2.169999894285072060e+03
3.439999999999999858e+01 2.146999904717687059e+03
3.460000000000000142e+01 2.118999914108689609e+03
3.479999999999999716e+01 2.097999922563276868e+03
3.500000000000000000e+01 2.073999930175900772e+03
3.520000000000000284e+01 2.051999937031377613e+03
3.539999999999999858e+01 2.034999943205882801e+03
3.560000000000000142e+01 2.015999948767840351e+03
3.579999999999999716e+01 2.004999953778720510e+03
3.600000000000000000e+01 1.994999958293755071e+03
3.620000000000000284e+01 1.980999962362576525e+03
3.639999999999999858e+01 1.985999966029793313e+03
3.660000000000000142e+01 1.987999969335503238e+03
3.679999999999999716e+01 1.993999972315754576e+03
3.700000000000000000e+01 2.011999975002960809e+03
3.720000000000000284e+01 2.021999977426269879e+03
3.739999999999999858e+01 2.034999979611897515e+03
3.760000000000000142e+01 2.046999981583425551e+03
3.779999999999999716e+01 2.070999983362069543e+03
3.800000000000000000e+01 2.078999984966917964e+03
3.820000000000000284e+01 2.095999986415150033e+03
3.839999999999999858e+01 2.118999987722226706e+03
3.860000000000000142e+01 2.133999988902065070e+03
3.879999999999999716e+01 2.153999989967194779e+03
3.900000000000000000e+01 2.185999990928897205e+03
3.920000000000000284e+01 2.202999991797331859e+03
3.939999999999999858e+01 2.225999992581648712e+03
3.960000000000000142e+01 2.253999993290090515e+03
3.979999999999999716e+01 2.282999993930081473e+03
4.000000000000000000e+01 2.315999994508312739e+03
4.020000000000000284e+01 2.336999995030813352e+03
4.039999999999999858e+01 2.373999995503016635e+03
4.060000000000000142e+01 2.408999995929820216e+03
4.079999999999999716e+01 2.437999996315640146e+03
4.100000000000000000e+01 2.470999996664457285e+03
4.120000000000000284e+01 2.486999996979861862e+03
4.139999999999999858e+01 2.519999997265091224e+03
4.160000000000000142e+01 2.531999997523065758e+03
4.179999999999999716e+01 2.549999997756419816e+03
4.200000000000000000e+01 2.554999997967530817e+03
4.220000000000000284e+01 2.568999998158543349e+03
4.239999999999999858e+01 2.572999998331393272e+03
4.260000000000000142e+01 2.554999998487827270e+03
4.279999999999999716e+01 2.565999998629422862e+03
4.300000000000000000e+01 2.545999998757603407e+03
4.320000000000000284e+01 2.533999998873654931e+03
4.339999999999999858e+01 2.522999998978738404e+03
4.360000000000000142e+01 2.498999999073902927e+03
4.379999999999999716e+01 2.481999999160094831e+03
4.400000000000000000e+01 2.464999999238170403e+03
4.420000000000000284e+01 2.445999999308902716e+03
4.439999999999999858e+01 2.430999999372990260e+03
4.460000000000000142e+01 2.404999999431065135e+03
4.479999999999999716e+01 2.389999999483697138e+03
4.500000000000000000e+01 2.372999999531402864e+03
4.520000000000000284e+01 2.354999999574648882e+03
4.539999999999999858e+01 2.338999999613856289e+03
4.560000000000000142e+01 2.321999999649407528e+03
4.579999999999999716e+01 2.309999999681646841e+03
4.600000000000000000e+01 2.299999999710886641e+03
4.620000000000000284e+01 2.288999999737408871e+03
4.639999999999999858e+01 2.275999999761469553e+03
4.660000000000000142e+01 2.276999999783299700e+03
4.679999999999999716e+01 2.271999999803108039e+03
4.700000000000000000e+01 2.264999999821084657e+03
4.720000000000000284e+01 2.267999999837400537e+03
4.739999999999999858e+01 2.267999999852210749e+03
4.760000000000000142e+01 2.259999999865656264e+03
4.779999999999999716e+01 2.270999999877863956e+03
4.800000000000000000e+01 2.270999999888949333e+03
4.820000000000000284e+01 2.282999999899016530e+03
4.839999999999999858e+01 2.293999999908160589e+03
4.860000000000000142e+01 2.306999999916466550e+03
4.879999999999999716e+01 2.322999999924012627e+03
4.900000000000000000e+01 2.327999999930868853e+03
4.920000000000000284e+01 2.348999999937099346e+03
4.939999999999999858e+01 2.364999999942761406e+03
4.960000000000000142e+01 2.376999999947907781e+03
4.979999999999999716e+01 2.395999999952586222e+03
5.000000000000000000e+01 2.421999999956839474e+03
5.020000000000000284e+01 2.427999999960706646e+03
5.039999999999999858e+01 2.457999999964223207e+03
5.060000000000000142e+01 2.467999999967420990e+03
5.079999999999999716e+01 2.483999999970330009e+03
5.100000000000000000e+01 2.505999999972976184e+03
5.120000000000000284e+01 2.513999999975383162e+03
5.139999999999999858e+01 2.533999999977573680e+03
5.160000000000000142e+01 2.532999999979566837e+03
5.179999999999999716e+01 2.551999999981380370e+03
5.200000000000000000e+01 2.561999999983031557e+03
5.220000000000000284e+01 2.555999999984534497e+03
5.239999999999999858e+01 2.567999999985902377e+03
5.260000000000000142e+01 2.558999999987147930e+03
5.279999999999999716e+01 2.571999999988282525e+03
5.300000000000000000e+01 2.566999999989315256e+03
5.320000000000000284e+01 2.552999999990256129e+03
5.339999999999999858e+01 2.557999999991113327e+03
5.360000000000000142e+01 2.536999999991894128e+03
5.379999999999999716e+01 2.536999999992605353e+03
5.400000000000000000e+01 2.524999999993253823e+03
5.420000000000000284e+01 2.505999999993844540e+03
5.439999999999999858e+01 2.497999999994382506e+03
5.460000000000000142e+01 2.485999999994873178e+03
5.479999999999999716e+01 2.479999999995320650e+03
5.500000000000000000e+01 2.455999999995728558e+03
5.520000000000000284e+01 2.435999999996100541e+03
5.539999999999999858e+01 2.430999999996439783e+03
5.560000000000000142e+01 2.413999999996749011e+03
5.579999999999999716e+01 2.386999999997030955e+03
5.600000000000000000e+01 2.372999999997288342e+03
5.620000000000000284e+01 2.346999999997522991e+03
5.639999999999999858e+01 2.336999999997737177e+03
5.660000000000000142e+01 2.316999999997932719e+03
5.679999999999999716e+01 2.291999999998110980e+03
5.700000000000000000e+01 2.283999999998273779e+03
5.720000000000000284e+01 2.256999999998422481e+03
5.739999999999999858e+01 2.248999999998557996e+03
5.760000000000000142e+01 2.216999999998682142e+03
5.779999999999999716e+01 2.202999999998794920e+03
5.800000000000000000e+01 2.193999999998898147e+03
5.820000000000000284e+01 2.167999999998992735e+03
5.839999999999999858e+01 2.154999999999078682e+03
5.860000000000000142e+01 2.128999999999157353e+03
5.879999999999999716e+01 2.121999999999229203e+03
5.900000000000000000e+01 2.097999999999295142e+03
5.920000000000000284e+01 2.084999999999355168e+03
5.939999999999999858e+01 2.069999999999409738e+03
5.960000000000000142e+01 2.045999999999459988e+03
5.979999999999999716e+01 2.026999999999505917e+03
6.000000000000000000e+01 2.016999999999547754e+03
6.020000000000000284e+01 1.992999999999585953e+03
6.039999999999999858e+01 1.981999999999620968e+03
6.060000000000000142e+01 1.962999999999653028e+03
6.079999999999999716e+01 1.948999999999682359e+03
6.100000000000000000e+01 1.934999999999709189e+03
6.120000000000000284e+01 1.914999999999733518e+03
6.139999999999999858e+01 1.903999999999756028e+03
6.160000000000000142e+01 1.886999999999776492e+03
6.179999999999999716e+01 1.869999999999795136e+03
6.200000000000000000e+01 1.854999999999812417e+03
6.220000000000000284e+01 1.829999999999828106e+03
6.239999999999999858e+01 1.830999999999842430e+03
6.260000000000000142e+01 1.808999999999855618e+03
6.279999999999999716e+01 1.796999999999867669e+03
6.300000000000000000e+01 1.775999999999878810e+03
6.320000000000000284e+01 1.760999999999888814e+03
6.339999999999999858e+01 1.756999999999898137e+03
6.360000000000000142e+01 1.736999999999906549e+03
6.379999999999999716e+01 1.727999999999914280e+03
6.400000000000000000e+01 1.709999999999921329e+03
6.420000000000000284e+01 1.694999999999927923e+03
6.440000000000000568e+01 1.690999999999933834e+03
6.459999999999999432e+01 1.675999999999939291e+03
6.479999999999999716e+01 1.667999999999944293e+03
6.500000000000000000e+01 1.646999999999948841e+03
6.520000000000000284e+01 1.638999999999953161e+03
6.540000000000000568e+01 1.628999999999957026e+03
6.559999999999999432e+01 1.613999999999960437e+03
6.579999999999999716e+01 1.605999999999963848e+03
6.600000000000000000e+01 1.592999999999966803e+03
6.620000000000000284e+01 1.576999999999969532e+03
6.640000000000000568e+01 1.570999999999972033e+03
6.659999999999999432e+01 1.558999999999974307e+03
6.679999999999999716e+01 1.548999999999976353e+03
6.700000000000000000e+01 1.531999999999978400e+03
6.720000000000000284e+01 1.532999999999979991e+03
6.740000000000000568e+01 1.510999999999981583e+03
6.759999999999999432e+01 1.498999999999983174e+03
6.779999999999999716e+01 1.496999999999984539e+03
6.800000000000000000e+01 1.476999999999985903e+03
6.820000000000000284e+01 1.467999999999987040e+03
6.840000000000000568e+01 1.465999999999987949e+03
6.859999999999999432e+01 1.441999999999989086e+03
6.879999999999999716e+01 1.441999999999989768e+03
6.900000000000000000e+01 1.427999999999990678e+03
6.920000000000000284e+01 1.419999999999991360e+03
6.940000000000000568e+01 1.406999999999992042e+03
6.959999999999999432e+01 1.396999999999992724e+03
6.979999999999999716e+01 1.380999999999993406e+03
7.000000000000000000e+01 1.378999999999993861e+03
7.020000000000000284e+01 1.364999999999994316e+03
7.040000000000000568e+01 1.358999999999994770e+03
7.059999999999999432e+01 1.343999999999995225e+03
7.079999999999999716e+01 1.333999999999995680e+03
7.100000000000000000e+01 1.331999999999995907e+03
7.120000000000000284e+01 1.321999999999996362e+03
7.140000000000000568e+01 1.310999999999996589e+03
7.159999999999999432e+01 1.301999999999996817e+03
7.179999999999999716e+01 1.301999999999997044e+03
7.200000000000000000e+01 1.292999999999997272e+03
7.220000000000000284e+01 1.283999999999997499e+03
7.240000000000000568e+01 1.278999999999997726e+03
7.259999999999999432e+01 1.267999999999997954e+03
7.279999999999999716e+01 1.259999999999998181e+03
7.300000000000000000e+01 1.251999999999998181e+03
7.320000000000000284e+01 1.247999999999998408e+03
7.340000000000000568e+01 1.247999999999998408e+03
7.359999999999999432e+01 1.233999999999998636e+03
7.379999999999999716e+01 1.231999999999998636e+03
7.400000000000000000e+01 1.223999999999998863e+03
7.420000000000000284e+01 1.218999999999998863e+03
7.440000000000000568e+01 1.216999999999999091e+03
7.459999999999999432e+01 1.206999999999999091e+03
7.479999999999999716e+01 1.148999999999999091e+03
7.500000000000000000e+01 1.198999999999999318e+03
7.520000000000000284e+01 1.201999999999999318e+03
7.540000000000000568e+01 1.191999999999999318e+03
7.559999999999999432e+01 1.186999999999999318e+03
7.579999999999999716e+01 1.183999999999999545e+03
7.600000000000000000e+01 1.184999999999999545e+03
7.620000000000000284e+01 1.174999999999999545e+03
7.640000000000000568e+01 1.169999999999999545e+03
7.659999999999999432e+01 1.163999999999999545e+03
7.679999999999999716e+01 1.166999999999999545e+03
7.700000000000000000e+01 1.157999999999999545e+03
7.720000000000000284e+01 1.150999999999999773e+03
7.740000000000000568e+01 1.148999999999999773e+03
7.759999999999999432e+01 1.143999999999999773e+03
7.779999999999999716e+01 1.136999999999999773e+03
7.800000000000000000e+01 1.132999999999999773e+03
7.820000000000000284e+01 1.125999999999999773e+03
7.840000000000000568e+01 1.121999999999999773e+03
7.859999999999999432e+01 1.122999999999999773e+03
7.879999999999999716e+01 1.114999999999999773e+03
7.900000000000000000e+01 1.107999999999999773e+03
7.920000000000000284e+01 1.103999999999999773e+03
7.940000000000000568e+01 1.098999999999999773e+03
7.959999999999999432e+01 1.092999999999999773e+03
7.979999999999999716e+01 1.086000000000000000e+03
8.000000000000000000e+01 1.079000000000000000e+03
8.020000000000000284e+01 1.075000000000000000e+03
8.040000000000000568e+01 1.076000000000000000e+03
8.059999999999999432e+01 1.066000000000000000e+03
8.079999999999999716e+01 1.060000000000000000e+03
8.100000000000000000e+01 1.053000000000000000e+03
8.120000000000000284e+01 1.050000000000000000e+03
8.140000000000000568e+01 1.043000000000000000e+03
8.159999999999999432e+01 1.043000000000000000e+03
8.179999999999999716e+01 1.029000000000000000e+03
8.200000000000000000e+01 1.031000000000000000e+03
8.220000000000000284e+01 1.022000000000000000e+03
8.240000000000000568e+01 1.021000000000000000e+03
8.259999999999999432e+01 1.012000000000000000e+03
8.279999999999999716e+01 1.005000000000000000e+03
8.300000000000000000e+01 1.001000000000000000e+03
8.320000000000000284e+01 9.980000000000000000e+02
8.340000000000000568e+01 9.890000000000000000e+02
8.359999999999999432e+01 9.880009999999999764e+02
8.379999999999999716e+01 9.770000000000000000e+02
8.400000000000000000e+01 9.790000000000000000e+02
8.420000000000000284e+01 9.680000000000000000e+02
8.440000000000000568e+01 9.640000000000000000e+02
8.459999999999999432e+01 9.630000000000000000e+02
8.479999999999999716e+01 9.600000000000000000e+02
8.500000000000000000e+01 9.500000000000000000e+02
8.520000000000000284e+01 9.460000000000000000e+02
8.540000000000000568e+01 9.430000000000000000e+02
8.559999999999999432e+01 9.360000000000000000e+02
8.579999999999999716e+01 9.310000000000000000e+02
8.600000000000000000e+01 9.270000000000000000e+02
8.620000000000000284e+01 9.220000000000000000e+02
8.640000000000000568e+01 9.220000000000000000e+02
8.659999999999999432e+01 9.130000000000000000e+02
8.679999999999999716e+01 9.090000000000000000e+02
8.700000000000000000e+01 9.030000000000000000e+02
8.720000000000000284e+01 9.010000000000000000e+02
8.740000000000000568e+01 8.970000000000000000e+02
8.759999999999999432e+01 8.920000000000000000e+02
8.779999999999999716e+01 8.900000000000000000e+02
8.800000000000000000e+01 8.880000000000000000e+02
8.820000000000000284e+01 8.770000000000000000e+02
8.840000000000000568e+01 8.750000000000000000e+02
8.859999999999999432e+01 8.720000000000000000e+02
8.879999999999999716e+01 8.630000000000000000e+02
8.900000000000000000e+01 8.620000000000000000e+02
8.920000000000000284e+01 8.580000000000000000e+02
8.940000000000000568e+01 8.540000000000000000e+02
8.959999999999999432e+01 8.490000000000000000e+02
8.979999999999999716e+01 8.510000000000000000e+02
9.000000000000000000e+01 8.410000000000000000e+02
9.020000000000000284e+01 8.370000000000000000e+02
9.040000000000000568e+01 8.340000000000000000e+02
9.059999999999999432e+01 8.340000000000000000e+02
9.079999999999999716e+01 8.280000000000000000e+02
9.100000000000000000e+01 8.270000000000000000e+02
9.120000000000000284e+01 8.200000000000000000e+02
9.140000000000000568e+01 8.160000000000000000e+02
9.159999999999999432e+01 8.110000000000000000e+02
9.179999999999999716e+01 8.080000000000000000e+02
9.200000000000000000e+01 8.090000000000000000e+02
9.220000000000000284e+01 8.010000000000000000e+02
9.240000000000000568e+01 7.960000000000000000e+02
9.259999999999999432e+01 7.930000000000000000e+02
9.279999999999999716e+01 7.920000000000000000e+02
9.300000000000000000e+01 7.900000000000000000e+02
9.320000000000000284e+01 7.870000000000000000e+02
9.340000000000000568e+01 7.850000000000000000e+02
9.359999999999999432e+01 7.830000000000000000e+02
9.379999999999999716e+01 7.800000000000000000e+02
9.400000000000000000e+01 7.730000000000000000e+02
9.420000000000000284e+01 7.720000000000000000e+02
9.440000000000000568e+01 7.690000000000000000e+02
9.459999999999999432e+01 7.670000000000000000e+02
9.479999999999999716e+01 7.590000000000000000e+02
9.500000000000000000e+01 7.580000000000000000e+02
9.520000000000000284e+01 7.540000000000000000e+02
9.540000000000000568e+01 7.540000000000000000e+02
9.559999999999999432e+01 7.490000000000000000e+02
9.579999999999999716e+01 7.480000000000000000e+02
9.600000000000000000e+01 7.470000000000000000e+02
9.620000000000000284e+01 7.410000000000000000e+02
9.640000000000000568e+01 7.420000000000000000e+02
9.659999999999999432e+01 7.370000000000000000e+02
9.679999999999999716e+01 7.370000000000000000e+02
9.700000000000000000e+01 7.280000000000000000e+02
9.720000000000000284e+01 7.260000000000000000e+02
9.740000000000000568e+01 7.270000000000000000e+02
9.759999999999999432e+01 7.220000000000000000e+02
9.779999999999999716e+01 7.220000000000000000e+02
9.800000000000000000e+01 7.170000000000000000e+02
9.820000000000000284e+01 7.160000000000000000e+02
9.840000000000000568e+01 7.140000000000000000e+02
9.859999999999999432e+01 7.060000000000000000e+02
9.879999999999999716e+01 7.090000000000000000e+02
9.900000000000000000e+01 7.040000000000000000e+02
9.920000000000000284e+01 7.030000000000000000e+02
9.940000000000000568e+01 7.010000000000000000e+02
9.959999999999999432e+01 6.980000000000000000e+02
9.979999999999999716e+01 6.920000000000000000e+02
1.000000000000000000e+02 6.910000000000000000e+02
1.002000000000000028e+02 6.920000000000000000e+02
1.004000000000000057e+02 6.910000000000000000e+02
1.005999999999999943e+02 6.870000000000000000e+02
1.007999999999999972e+02 6.810000000000000000e+02
1.010000000000000000e+02 6.850000000000000000e+02
1.012000000000000028e+02 6.790000000000000000e+02
1.014000000000000057e+02 6.770000000000000000e+02
1.015999999999999943e+02 6.750000000000000000e+02
1.017999999999999972e+02 6.760000000000000000e+02
1.020000000000000000e+02 6.710000000000000000e+02
1.022000000000000028e+02 6.690000000000000000e+02
1.024000000000000057e+02 6.650000000000000000e+02
1.025999999999999943e+02 6.650000000000000000e+02
1.027999999999999972e+02 6.650000000000000000e+02
1.030000000000000000e+02 6.600000000000000000e+02
1.032000000000000028e+02 6.610000000000000000e+02
1.034000000000000057e+02 6.600000000000000000e+02
1.035999999999999943e+02 6.510000000000000000e+02
1.037999999999999972e+02 6.530000000000000000e+02
1.040000000000000000e+02 6.500000000000000000e+02
1.042000000000000028e+02 6.480000000000000000e+02
1.044000000000000057e+02 6.450000000000000000e+02
1.045999999999999943e+02 6.410000000000000000e+02
1.047999999999999972e+02 6.400000000000000000e+02
1.050000000000000000e+02 6.400000000000000000e+02
1.052000000000000028e+02 6.380000000000000000e+02
1.054000000000000057e+02 6.320000000000000000e+02
1.055999999999999943e+02 6.340000000000000000e+02
1.057999999999999972e+02 6.310000000000000000e+02
1.060000000000000000e+02 6.330000000000000000e+02
1.062000000000000028e+02 6.250000000000000000e+02
1.064000000000000057e+02 6.230000000000000000e+02
1.065999999999999943e+02 6.280000000000000000e+02
1.067999999999999972e+02 6.210000000000000000e+02
1.070000000000000000e+02 6.240000000000000000e+02
1.072000000000000028e+02 6.140000000000000000e+02
1.074000000000000057e+02 6.170000000000000000e+02
1.075999999999999943e+02 6.150000000000000000e+02
1.077999999999999972e+02 6.100000000000000000e+02
1.080000000000000000e+02 6.100000000000000000e+02
1.082000000000000028e+02 6.080000000000000000e+02
1.084000000000000057e+02 6.080000000000000000e+02
1.085999999999999943e+02 6.000000000000000000e+02
1.087999999999999972e+02 6.030000000000000000e+02
1.090000000000000000e+02 5.950000000000000000e+02
1.092000000000000028e+02 6.010000000000000000e+02
1.094000000000000057e+02 5.950000000000000000e+02
1.095999999999999943e+02 5.940000000000000000e+02
1.097999999999999972e+02 5.920000000000000000e+02
1.100000000000000000e+02 5.900000000000000000e+02
1.102000000000000028e+02 5.940000000000000000e+02
1.104000000000000057e+02 5.830000000000000000e+02
1.105999999999999943e+02 5.880000000000000000e+02
1.107999999999999972e+02 5.810000000000000000e+02
1.110000000000000000e+02 5.860000000000000000e+02
1.112000000000000028e+02 5.790000000000000000e+02
1.114000000000000057e+02 5.780000000000000000e+02
1.115999999999999943e+02 5.800000000000000000e+02
1.117999999999999972e+02 5.790000000000000000e+02
1.120000000000000000e+02 5.740000000000000000e+02
1.122000000000000028e+02 5.720000000000000000e+02
1.124000000000000057e+02 5.720000000000000000e+02
1.125999999999999943e+02 5.690000000000000000e+02
1.127999999999999972e+02 5.650000000000000000e+02
1.130000000000000000e+02 5.690000000000000000e+02
1.132000000000000028e+02 5.660000000000000000e+02
1.134000000000000057e+02 5.630000000000000000e+02
1.135999999999999943e+02 5.610000000000000000e+02
1.137999999999999972e+02 5.590000000000000000e+02
1.140000000000000000e+02 5.580000000000000000e+02
1.142000000000000028e+02 5.580000000000000000e+02
1.144000000000000057e+02 5.560000000000000000e+02
1.145999999999999943e+02 5.470000000000000000e+02
1.147999999999999972e+02 5.550000000000000000e+02
1.150000000000000000e+02 5.460000000000000000e+02
1.152000000000000028e+02 5.500000000000000000e+02
1.154000000000000057e+02 5.450000000000000000e+02
1.155999999999999943e+02 5.400000000000000000e+02
1.157999999999999972e+02 5.410000000000000000e+02
1.160000000000000000e+02 5.410000000000000000e+02
1.162000000000000028e+02 5.350000000000000000e+02
1.164000000000000057e+02 5.380000000000000000e+02
1.165999999999999943e+02 5.350000000000000000e+02
1.167999999999999972e+02 5.320000000000000000e+02
1.170000000000000000e+02 5.330000000000000000e+02
1.172000000000000028e+02 5.300000000000000000e+02
1.174000000000000057e+02 5.300000000000000000e+02
1.175999999999999943e+02 5.300000000000000000e+02
1.177999999999999972e+02 5.250000000000000000e+02
1.180000000000000000e+02 5.220000000000000000e+02
1.182000000000000028e+02 5.220000000000000000e+02
1.184000000000000057e+02 5.180000000000000000e+02
1.185999999999999943e+02 5.220000000000000000e+02
1.187999999999999972e+02 5.140000000000000000e+02
1.190000000000000000e+02 5.230000000000000000e+02
1.192000000000000028e+02 5.140000000000000000e+02
1.194000000000000057e+02 5.110000000000000000e+02
1.195999999999999943e+02 5.110000000000000000e+02
1.197999999999999972e+02 5.090000000000000000e+02
1.200000000000000000e+02 5.080000000000000000e+02
1.202000000000000028e+02 5.060000000000000000e+02
1.204000000000000057e+02 5.060000000000000000e+02
1.205999999999999943e+02 5.010000000000000000e+02
1.207999999999999972e+02 4.990000000000000000e+02
1.210000000000000000e+02 5.010000000000000000e+02
1.212000000000000028e+02 4.960000000000000000e+02
1.214000000000000057e+02 4.970000000000000000e+02
1.215999999999999943e+02 4.980000000000000000e+02
1.217999999999999972e+02 4.910000000000000000e+02
1.220000000000000000e+02 4.930000000000000000e+02
1.222000000000000028e+02 4.900000000000000000e+02
1.224000000000000057e+02 4.940000000000000000e+02
1.225999999999999943e+02 4.820000000000000000e+02
1.227999999999999972e+02 4.890000000000000000e+02
1.230000000000000000e+02 4.900000000000000000e+02
1.232000000000000028e+02 4.790000000000000000e+02
1.234000000000000057e+02 4.860000000000000000e+02
1.235999999999999943e+02 4.750000000000000000e+02
1.237999999999999972e+02 4.820000000000000000e+02
1.240000000000000000e+02 4.770000000000000000e+02
1.242000000000000028e+02 4.740000000000000000e+02
1.244000000000000057e+02 4.760000000000000000e+02
1.245999999999999943e+02 4.710000000000000000e+02
1.247999999999999972e+02 4.720000000000000000e+02
1.250000000000000000e+02 4.670000000000000000e+02
1.252000000000000028e+02 4.690000000000000000e+02
1.254000000000000057e+02 4.670000000000000000e+02
1.255999999999999943e+02 4.680000000000000000e+02
1.257999999999999972e+02 4.650000000000000000e+02
1.260000000000000000e+02 4.650000000000000000e+02
1.262000000000000028e+02 4.610000000000000000e+02
1.264000000000000057e+02 4.620000000000000000e+02
1.265999999999999943e+02 4.620000000000000000e+02
1.267999999999999972e+02 4.570000000000000000e+02
1.270000000000000000e+02 4.550000000000000000e+02
1.272000000000000028e+02 4.580000000000000000e+02
1.274000000000000057e+02 4.540000000000000000e+02
1.275999999999999943e+02 4.550000000000000000e+02
1.277999999999999972e+02 4.530000000000000000e+02
1.280000000000000000e+02 4.470000000000000000e+02
1.281999999999999886e+02 4.490000000000000000e+02
1.284000000000000057e+02 4.470000000000000000e+02
1.285999999999999943e+02 4.460000000000000000e+02
1.288000000000000114e+02 4.440000000000000000e+02
1.290000000000000000e+02 4.470000000000000000e+02
1.291999999999999886e+02 4.390000000000000000e+02
1.294000000000000057e+02 4.430000000000000000e+02
1.295999999999999943e+02 4.410000000000000000e+02
1.298000000000000114e+02 4.380000000000000000e+02
1.300000000000000000e+02 4.360000000000000000e+02
1.301999999999999886e+02 4.380000000000000000e+02
1.304000000000000057e+02 4.370000000000000000e+02
1.305999999999999943e+02 4.320000000000000000e+02
1.308000000000000114e+02 4.370000000000000000e+02
1.310000000000000000e+02 4.340000000000000000e+02
1.311999999999999886e+02 4.300000000000000000e+02
1.314000000000000057e+02 4.310000000000000000e+02
1.315999999999999943e+02 4.290000000000000000e+02
1.318000000000000114e+02 4.280000000000000000e+02
1.320000000000000000e+02 4.250000000000000000e+02
1.321999999999999886e+02 4.300000000000000000e+02
1.324000000000000057e+02 4.230000000000000000e+02
1.325999999999999943e+02 4.280000000000000000e+02
1.328000000000000114e+02 4.220000000000000000e+02
1.330000000000000000e+02 4.260000000000000000e+02
1.331999999999999886e+02 4.180000000000000000e+02
1.334000000000000057e+02 4.200000000000000000e+02
1.335999999999999943e+02 4.160000000000000000e+02
1.338000000000000114e+02 4.200000000000000000e+02
1.340000000000000000e+02 4.160000000000000000e+02
1.341999999999999886e+02 4.130000000000000000e+02
1.344000000000000057e+02 4.170000000000000000e+02
1.345999999999999943e+02 4.120000000000000000e+02
1.348000000000000114e+02 4.140000000000000000e+02
1.350000000000000000e+02 4.160000000000000000e+02
1.351999999999999886e+02 4.090000000000000000e+02
1.354000000000000057e+02 4.100000000000000000e+02
1.355999999999999943e+02 4.080000000000000000e+02
1.358000000000000114e+02 4.070000000000000000e+02
1.360000000000000000e+02 4.080000000000000000e+02
1.361999999999999886e+02 4.050000000000000000e+02
1.364000000000000057e+02 4.060000000000000000e+02
1.365999999999999943e+02 4.070000000000000000e+02
1.368000000000000114e+02 4.030000000000000000e+02
1.370000000000000000e+02 4.020000000000000000e+02
1.371999999999999886e+02 4.000000000000000000e+02
1.374000000000000057e+02 4.020000000000000000e+02
1.375999999999999943e+02 3.970000000000000000e+02
1.378000000000000114e+02 3.990000000000000000e+02
1.380000000000000000e+02 4.010000000000000000e+02
1.381999999999999886e+02 3.940000000000000000e+02
1.384000000000000057e+02 3.990000000000000000e+02
1.385999999999999943e+02 3.960000000000000000e+02
1.388000000000000114e+02 3.940000000000000000e+02
1.390000000000000000e+02 3.940000000000000000e+02
1.391999999999999886e+02 3.870000000000000000e+02
1.394000000000000057e+02 3.930000000000000000e+02
1.395999999999999943e+02 3.890000000000000000e+02
1.398000000000000114e+02 3.900000000000000000e+02
1.400000000000000000e+02 3.940000000000000000e+02
1.401999999999999886e+02 3.880000000000000000e+02
1.404000000000000057e+02 3.890000000000000000e+02
1.405999999999999943e+02 3.840000000000000000e+02
1.408000000000000114e+02 3.830000000000000000e+02
1.410000000000000000e+02 3.830000000000000000e+02
1.411999999999999886e+02 3.860000000000000000e+02
1.414000000000000057e+02 3.860000000000000000e+02
1.415999999999999943e+02 3.820000000000000000e+02
1.418000000000000114e+02 3.800000000000000000e+02
1.420000000000000000e+02 3.830000000000000000e+02
1.421999999999999886e+02 3.770000000000000000e+02
1.424000000000000057e+02 3.780000000000000000e+02
1.425999999999999943e+02 3.770000000000000000e+02
1.428000000000000114e+02 3.750000000000000000e+02
1.430000000000000000e+02 3.790000000000000000e+02
1.431999999999999886e+02 3.750000000000000000e+02
1.434000000000000057e+02 3.760000000000000000e+02
1.435999999999999943e+02 3.760000000000000000e+02
1.438000000000000114e+02 3.740000000000000000e+02
1.440000000000000000e+02 3.730000000000000000e+02
1.441999999999999886e+02 3.700000000000000000e+02
1.444000000000000057e+02 3.710000000000000000e+02
1.445999999999999943e+02 3.710000000000000000e+02
1.448000000000000114e+02 3.680000000000000000e+02
1.450000000000000000e+02 3.710000000000000000e+02
1.451999999999999886e+02 3.650000000000000000e+02
1.454000000000000057e+02 3.670000000000000000e+02
1.455999999999999943e+02 3.650000000000000000e+02
1.458000000000000114e+02 3.660000000000000000e+02
1.460000000000000000e+02 3.650000000000000000e+02
1.461999999999999886e+02 3.650000000000000000e+02
1.464000000000000057e+02 3.600000000000000000e+02
1.465999999999999943e+02 3.610000000000000000e+02
1.468000000000000114e+02 3.620000000000000000e+02
1.470000000000000000e+02 3.590000000000000000e+02
1.471999999999999886e+02 3.610000000000000000e+02
1.474000000000000057e+02 3.600000000000000000e+02
1.475999999999999943e+02 3.530000000000000000e+02
1.478000000000000114e+02 3.610000000000000000e+02
1.480000000000000000e+02 3.550000000000000000e+02
1.481999999999999886e+02 3.530000000000000000e+02
1.484000000000000057e+02 3.570000000000000000e+02
1.485999999999999943e+02 3.550000000000000000e+02
1.488000000000000114e+02 3.520000000000000000e+02
1.490000000000000000e+02 3.520000000000000000e+02
1.491999999999999886e+02 3.510000000000000000e+02
1.494000000000000057e+02 3.500000000000000000e+02
1.495999999999999943e+02 3.490000000000000000e+02
1.498000000000000114e+02 3.500000000000000000e+02
1.500000000000000000e+02 3.460000000000000000e+02
1.501999999999999886e+02 3.480000000000000000e+02
1.504000000000000057e+02 3.520000000000000000e+02
1.505999999999999943e+02 3.450000000000000000e+02
1.508000000000000114e+02 3.430000000000000000e+02
1.510000000000000000e+02 3.510000000000000000e+02
1.511999999999999886e+02 3.440000000000000000e+02
1.514000000000000057e+02 3.420000000000000000e+02
1.515999999999999943e+02 3.420000000000000000e+02
1.518000000000000114e+02 3.460000000000000000e+02
1.520000000000000000e+02 3.420000000000000000e+02
1.521999999999999886e+02 3.410000000000000000e+02
1.524000000000000057e+02 3.410000000000000000e+02
1.525999999999999943e+02 3.390000000000000000e+02
1.528000000000000114e+02 3.410000000000000000e+02
1.530000000000000000e+02 3.380000000000000000e+02
1.531999999999999886e+02 3.370000000000000000e+02
1.534000000000000057e+02 3.360000000000000000e+02
1.535999999999999943e+02 3.420000000000000000e+02
1.538000000000000114e+02 3.320000000000000000e+02
1.540000000000000000e+02 3.370000000000000000e+02
1.541999999999999886e+02 3.380000000000000000e+02
1.544000000000000057e+02 3.310000000000000000e+02
1.545999999999999943e+02 3.340000000000000000e+02
1.548000000000000114e+02 3.360000000000000000e+02
1.550000000000000000e+02 3.330000000000000000e+02
1.551999999999999886e+02 3.330000000000000000e+02
1.554000000000000057e+02 3.320000000000000000e+02
1.555999999999999943e+02 3.320000000000000000e+02
1.558000000000000114e+02 3.310000000000000000e+02
1.560000000000000000e+02 3.300000000000000000e+02
1.561999999999999886e+02 3.280000000000000000e+02
1.564000000000000057e+02 3.290000000000000000e+02
1.565999999999999943e+02 3.270000000000000000e+02
1.568000000000000114e+02 3.290000000000000000e+02
1.570000000000000000e+02 3.260000000000000000e+02
1.571999999999999886e+02 3.260000000000000000e+02
1.574000000000000057e+02 3.290000000000000000e+02
1.575999999999999943e+02 3.260000000000000000e+02
1.578000000000000114e+02 3.230000000000000000e+02
1.580000000000000000e+02 3.260000000000000000e+02
1.581999999999999886e+02 3.230000000000000000e+02
1.584000000000000057e+02 3.270000000000000000e+02
1.585999999999999943e+02 3.200000000000000000e+02
1.588000000000000114e+02 3.220000000000000000e+02
1.590000000000000000e+02 3.170000000000000000e+02
1.591999999999999886e+02 3.240000000000000000e+02
1.594000000000000057e+02 3.220000000000000000e+02
1.595999999999999943e+02 3.170000000000000000e+02
1.598000000000000114e+02 3.230000000000000000e+02
1.600000000000000000e+02 3.190000000000000000e+02
1.601999999999999886e+02 3.170000000000000000e+02
1.604000000000000057e+02 3.190000000000000000e+02
1.605999999999999943e+02 3.160000000000000000e+02
1.608000000000000114e+02 3.160000000000000000e+02
1.610000000000000000e+02 3.170000000000000000e+02
1.611999999999999886e+02 3.150000000000000000e+02
1.614000000000000057e+02 3.180000000000000000e+02
1.615999999999999943e+02 3.140000000000000000e+02
1.618000000000000114e+02 3.150000000000000000e+02
1.620000000000000000e+02 3.150000000000000000e+02
1.621999999999999886e+02 3.100000000000000000e+02
1.624000000000000057e+02 3.150000000000000000e+02
1.625999999999999943e+02 3.100000000000000000e+02
1.628000000000000114e+02 3.100000000000000000e+02
1.630000000000000000e+02 3.100000000000000000e+02
1.631999999999999886e+02 3.120000000000000000e+02
1.634000000000000057e+02 3.090000000000000000e+02
1.635999999999999943e+02 3.070000000000000000e+02
1.638000000000000114e+02 3.090000000000000000e+02
1.640000000000000000e+02 3.080000000000000000e+02
1.641999999999999886e+02 3.050000000000000000e+02
1.644000000000000057e+02 3.110000000000000000e+02
1.645999999999999943e+02 3.070000000000000000e+02
1.648000000000000114e+02 3.040000000000000000e+02
1.650000000000000000e+02 3.070000000000000000e+02
1.651999999999999886e+02 3.020000000000000000e+02
1.654000000000000057e+02 3.040000000000000000e+02
1.655999999999999943e+02 3.040000000000000000e+02
1.658000000000000114e+02 3.020000000000000000e+02
1.660000000000000000e+02 3.000000000000000000e+02
1.661999999999999886e+02 3.030000000000000000e+02
1.664000000000000057e+02 3.020000000000000000e+02
1.665999999999999943e+02 3.010000000000000000e+02
1.668000000000000114e+02 2.990000000000000000e+02
1.670000000000000000e+02 2.990000000000000000e+02
1.671999999999999886e+02 2.980000000000000000e+02
1.674000000000000057e+02 3.010000000000000000e+02
1.675999999999999943e+02 2.980000000000000000e+02
1.678000000000000114e+02 2.970000000000000000e+02
1.680000000000000000e+02 2.970000000000000000e+02
1.681999999999999886e+02 2.980000000000000000e+02
1.684000000000000057e+02 2.960000000000000000e+02
1.685999999999999943e+02 2.960000000000000000e+02
1.688000000000000114e+02 2.960000000000000000e+02
1.690000000000000000e+02 2.950000000000000000e+02
1.691999999999999886e+02 2.890000000000000000e+02
1.694000000000000057e+02 2.970000000000000000e+02
1.695999999999999943e+02 2.890000000000000000e+02
1.698000000000000114e+02 2.910000000000000000e+02
1.700000000000000000e+02 2.980000000000000000e+02
1.701999999999999886e+02 2.880000000000000000e+02
1.704000000000000057e+02 2.930000000000000000e+02
1.705999999999999943e+02 2.900000000000000000e+02
1.708000000000000114e+02 2.910000000000000000e+02
1.710000000000000000e+02 2.860000000000000000e+02
1.711999999999999886e+02 2.880000000000000000e+02
1.714000000000000057e+02 2.920000000000000000e+02
1.715999999999999943e+02 2.880000000000000000e+02
1.718000000000000114e+02 2.860000000000000000e+02
1.720000000000000000e+02 2.870000000000000000e+02
1.721999999999999886e+02 2.860000000000000000e+02
1.724000000000000057e+02 2.880000000000000000e+02
1.725999999999999943e+02 2.870000000000000000e+02
1.728000000000000114e+02 2.800000000000000000e+02
1.730000000000000000e+02 2.890000000000000000e+02
1.731999999999999886e+02 2.820000000000000000e+02
1.734000000000000057e+02 2.860000000000000000e+02
1.735999999999999943e+02 2.820000000000000000e+02
1.738000000000000114e+02 2.810000000000000000e+02
1.740000000000000000e+02 2.850000000000000000e+02
1.741999999999999886e+02 2.810000000000000000e+02
1.744000000000000057e+02 2.820000000000000000e+02
1.745999999999999943e+02 2.810000000000000000e+02
1.748000000000000114e+02 2.800000000000000000e+02
1.750000000000000000e+02 2.800000000000000000e+02
1.751999999999999886e+02 2.770000000000000000e+02
1.754000000000000057e+02 2.790000000000000000e+02
1.755999999999999943e+02 2.810000000000000000e+02
1.758000000000000114e+02 2.790000000000000000e+02
1.760000000000000000e+02 2.730000000000000000e+02
1.761999999999999886e+02 2.800000000000000000e+02
1.764000000000000057e+02 2.760000000000000000e+02
1.765999999999999943e+02 2.780000000000000000e+02
1.768000000000000114e+02 2.750000000000000000e+02
1.770000000000000000e+02 2.760000000000000000e+02
1.771999999999999886e+02 2.780000000000000000e+02
1.774000000000000057e+02 2.740000000000000000e+02
1.775999999999999943e+02 2.750000000000000000e+02
1.778000000000000114e+02 2.740000000000000000e+02
1.780000000000000000e+02 2.700000000000000000e+02
1.781999999999999886e+02 2.760000000000000000e+02
1.784000000000000057e+02 2.720000000000000000e+02
1.785999999999999943e+02 2.710000000000000000e+02
1.788000000000000114e+02 2.720000000000000000e+02
1.790000000000000000e+02 2.720000000000000000e+02
1.791999999999999886e+02 2.710000000000000000e+02
1.794000000000000057e+02 2.730000000000000000e+02
1.795999999999999943e+02 2.670000000000000000e+02
1.798000000000000114e+02 2.710000000000000000e+02
1.800000000000000000e+02 2.740000000000000000e+02
1.801999999999999886e+02 2.690000000000000000e+02
1.804000000000000057e+02 2.710000000000000000e+02
1.805999999999999943e+02 2.700000000000000000e+02
1.808000000000000114e+02 2.670000000000000000e+02
1.810000000000000000e+02 2.730000000000000000e+02
1.811999999999999886e+02 2.700000000000000000e+02
1.814000000000000057e+02 2.660000000000000000e+02
1.815999999999999943e+02 2.660000000000000000e+02
1.818000000000000114e+02 2.650000000000000000e+02
1.820000000000000000e+02 2.670000000000000000e+02
1.821999999999999886e+02 2.670000000000000000e+02
1.824000000000000057e+02 2.630000000000000000e+02
1.825999999999999943e+02 2.670000000000000000e+02
1.828000000000000114e+02 2.650000000000000000e+02
1.830000000000000000e+02 2.660000000000000000e+02
1.831999999999999886e+02 1.000000000000000056e-01
