# energy (eV)  EELS (a.u)
2.400002000000000191e+00 9.279839949892993900e+01
2.600000000000000089e+00 -5.874151710306978202e+01
2.800000999999999962e+00 -4.185043382879575802e+01
3.000000000000000000e+00 -4.328066158197907498e+01
3.200000999999999873e+00 7.639607631672515708e+01
3.400002000000000191e+00 2.273305555944339176e+02
3.600000000000000089e+00 3.991411146997620563e+02
3.800000999999999962e+00 5.587061331730042184e+02
4.000002000000000280e+00 7.101063165243444928e+02
4.200002999999999709e+00 8.478156968599773791e+02
4.400000000000000355e+00 9.749538067714365752e+02
4.599999999999999645e+00 1.089062419441604561e+03
4.800000999999999962e+00 1.194574257835518438e+03
5.000002000000000280e+00 1.289138093199318291e+03
5.200002999999999709e+00 1.379831322065859467e+03
5.400000000000000355e+00 1.461304778414454859e+03
5.599999999999999645e+00 1.533892686128915784e+03
5.800000999999999962e+00 1.604678878190667774e+03
6.000002000000000280e+00 1.660556099534840087e+03
6.200002999999999709e+00 1.706266523033889371e+03
6.400000000000000355e+00 1.734431071474429245e+03
6.599999999999999645e+00 1.763576845354363741e+03
6.800000999999999962e+00 1.777149902884762923e+03
7.000002000000000280e+00 1.783532337370751520e+03
7.200002999999999709e+00 1.785053399179798816e+03
7.400000000000000355e+00 1.789997474821018841e+03
7.599999999999999645e+00 1.790614016100797016e+03
7.800000999999999962e+00 1.823119621827292576e+03
8.000002000000000280e+00 1.857704756816483950e+03
8.200003000000000597e+00 1.916537597443254754e+03
8.400000000000000355e+00 2.019766553679382923e+03
8.599999999999999645e+00 2.171524976639000215e+03
8.800000999999999962e+00 2.361930650143065577e+03
9.000002000000000280e+00 2.652089115723389568e+03
9.200003000000000597e+00 2.947095231203833464e+03
9.400000000000000355e+00 3.306033985537662375e+03
9.599999999999999645e+00 3.588983211301028405e+03
9.800000999999999962e+00 3.844012458497159514e+03
1.000000000000000000e+01 4.013184764893639567e+03
1.019999999999999929e+01 4.121557998437542665e+03
1.040000000000000036e+01 4.184184564149509242e+03
1.059999999999999964e+01 4.231112422039455851e+03
1.080000000000000071e+01 4.255385476489050234e+03
1.100000000000000000e+01 4.271043998154236760e+03
1.119999999999999929e+01 4.277124994106818122e+03
1.140000000000000036e+01 4.293662533491617069e+03
1.159999999999999964e+01 4.309688034827800038e+03
1.180000000000000071e+01 4.333230520135066399e+03
1.200000000000000000e+01 4.363316840279508142e+03
1.219999999999999929e+01 4.402971875279861706e+03
1.240000000000000036e+01 4.450218712768439218e+03
1.259999999999999964e+01 4.489078807342865730e+03
1.280000000000000071e+01 4.542572123159355215e+03
1.300000000000000000e+01 4.596717261792917270e+03
1.319999999999999929e+01 4.652531577114412357e+03
1.340000000000000036e+01 4.698031278700414987e+03
1.359999999999999964e+01 4.749231525092508491e+03
1.380000000000000071e+01 4.784146508052398531e+03
1.400000000000000000e+01 4.808789528813330435e+03
1.419999999999999929e+01 4.813173067203045321e+03
1.440000000000000036e+01 4.806308844405616583e+03
1.459999999999999964e+01 4.776207880036372444e+03
1.480000000000000071e+01 4.737880544123522668e+03
1.500000000000000000e+01 4.691336604520231049e+03
1.519999999999999929e+01 4.628585270210085582e+03
1.540000000000000036e+01 4.563635230915998363e+03
1.559999999999999964e+01 4.496494693376368559e+03
1.580000000000000071e+01 4.444171414611892033e+03
1.600000000000000000e+01 4.385672732470984556e+03
1.619999999999999929e+01 4.338005593710657195e+03
1.639999999999999858e+01 4.291176579842294814e+03
1.660000000000000142e+01 4.257191930947671608e+03
1.680000000000000071e+01 4.213057567649202610e+03
1.700000000000000000e+01 4.179779111399577232e+03
1.719999999999999929e+01 4.138361903239244384e+03
1.739999999999999858e+01 4.101811021155353046e+03
1.760000000000000142e+01 4.058131296162601757e+03
1.780000000000000071e+01 4.028327327214718935e+03
1.800000000000000000e+01 3.978403495044814463e+03
1.819999999999999929e+01 3.945363975023526564e+03
1.839999999999999858e+01 3.897212749115529277e+03
1.860000000000000142e+01 3.860953617007478442e+03
1.880000000000000071e+01 3.819590206473782473e+03
1.900000000000000000e+01 3.773125983040561550e+03
1.919999999999999929e+01 3.734564259002733706e+03
1.939999999999999858e+01 3.693908201844323230e+03
1.960000000000000142e+01 3.655160842107657572e+03
1.980000000000000071e+01 3.621325080753203110e+03
2.000000000000000000e+01 3.587403696048167603e+03
2.019999999999999929e+01 3.547399350018794848e+03
2.039999999999999858e+01 3.516314594498327097e+03
2.060000000000000142e+01 3.486151876799962338e+03
2.080000000000000071e+01 3.442913545041720681e+03
2.100000000000000000e+01 3.399601853147948532e+03
2.119999999999999929e+01 3.358218965550193388e+03
2.139999999999999858e+01 3.315766961608372185e+03
2.160000000000000142e+01 3.253247839771507643e+03
2.180000000000000071e+01 3.194663521495801888e+03
2.200000000000000000e+01 3.120015854936430969e+03
2.219999999999999929e+01 3.060306618428209731e+03
2.239999999999999858e+01 2.982537523769104155e+03
2.260000000000000142e+01 2.919710219319536463e+03
2.280000000000000071e+01 2.848826292929452848e+03
2.300000000000000000e+01 2.779887274704248739e+03
2.319999999999999929e+01 2.708894639619826194e+03
2.339999999999999858e+01 2.662849809996332169e+03
2.360000000000000142e+01 2.602754157839415711e+03
2.380000000000000071e+01 2.553609007057238159e+03
2.400000000000000000e+01 2.508415635560880673e+03
2.419999999999999929e+01 2.461175277255249057e+03
2.439999999999999858e+01 2.416889123927106084e+03
2.460000000000000142e+01 2.390558327036390892e+03
2.480000000000000071e+01 2.350183999416567985e+03
2.500000000000000000e+01 2.319767216889366409e+03
2.519999999999999929e+01 2.293309019798907684e+03
2.539999999999999858e+01 2.266810414469889110e+03
2.560000000000000142e+01 2.243272374594185294e+03
2.580000000000000071e+01 2.217695842549942881e+03
2.600000000000000000e+01 2.201081730656979744e+03
2.619999999999999929e+01 2.181430922372063378e+03
2.639999999999999858e+01 2.167744273427397729e+03
2.660000000000000142e+01 2.151022612915465288e+03
2.680000000000000071e+01 2.145266744323139392e+03
2.700000000000000000e+01 2.130477446517838416e+03
2.719999999999999929e+01 2.120655474688285267e+03
2.739999999999999858e+01 2.111801561242314165e+03
2.760000000000000142e+01 2.105916416663986183e+03
2.780000000000000071e+01 2.092000730332165404e+03
2.800000000000000000e+01 2.087055171302562940e+03
2.819999999999999929e+01 2.073080389055136948e+03
2.839999999999999858e+01 2.067077014208643050e+03
2.860000000000000142e+01 2.052045659203995456e+03
2.880000000000000071e+01 2.044986918958033357e+03
2.900000000000000000e+01 2.029901371489173016e+03
2.919999999999999929e+01 2.019789578516350730e+03
2.939999999999999858e+01 2.006652086032583611e+03
2.960000000000000142e+01 1.999489424854394201e+03
2.980000000000000071e+01 1.979302111148279664e+03
3.000000000000000000e+01 1.966090646935340828e+03
3.019999999999999929e+01 1.953855520575121545e+03
3.039999999999999858e+01 1.937597207229653350e+03
3.060000000000000142e+01 1.922316169308648796e+03
3.080000000000000071e+01 1.910012856896729090e+03
3.100000000000000000e+01 1.894687708163531397e+03
3.119999999999999929e+01 1.877341149757492303e+03
3.139999999999999858e+01 1.865973597184060736e+03
3.160000000000000142e+01 1.852585455169058378e+03
3.180000000000000071e+01 1.844177118007861736e+03
3.200000000000000000e+01 1.828748969901053215e+03
3.220000000000000284e+01 1.818301385277146892e+03
3.239999999999999858e+01 1.801834729102968367e+03
3.260000000000000142e+01 1.799349357182238464e+03
3.279999999999999716e+01 1.784845616442881010e+03
3.300000000000000000e+01 1.776323845213550157e+03
3.320000000000000284e+01 1.762784373489846303e+03
3.339999999999999858e+01 1.758227523190669444e+03
3.360000000000000142e+01 1.747653608405132445e+03
3.379999999999999716e+01 1.739062935630439824e+03
3.400000000000000000e+01 1.727455804001116576e+03
3.420000000000000284e+01 1.718832505509951716e+03
3.439999999999999858e+01 1.713193325221003761e+03
3.460000000000000142e+01 1.703538541475003512e+03
3.479999999999999716e+01 1.695868426087465195e+03
3.500000000000000000e+01 1.686183244539809493e+03
3.520000000000000284e+01 1.676483256163784517e+03
3.539999999999999858e+01 1.668768714319458013e+03
3.560000000000000142e+01 1.655039866567041372e+03
3.579999999999999716e+01 1.646296954832793517e+03
3.600000000000000000e+01 1.634540215569242719e+03
3.620000000000000284e+01 1.627769879909952124e+03
3.639999999999999858e+01 1.612986173819046144e+03
3.660000000000000142e+01 1.605189318235701194e+03
3.679999999999999716e+01 1.592379529213801106e+03
3.700000000000000000e+01 1.583557018056945026e+03
3.720000000000000284e+01 1.574721991448984681e+03
3.739999999999999858e+01 1.556874651580267710e+03
3.760000000000000142e+01 1.549015196269746866e+03
3.779999999999999716e+01 1.535143819083117478e+03
3.800000000000000000e+01 1.525260709447127510e+03
3.820000000000000284e+01 1.511366052760210778e+03
3.839999999999999858e+01 1.500460030499575396e+03
3.860000000000000142e+01 1.493542820324883451e+03
3.879999999999999716e+01 1.481614596178646707e+03
3.900000000000000000e+01 1.467675528383458186e+03
3.920000000000000284e+01 1.459725783736178755e+03
3.939999999999999858e+01 1.451765525599184912e+03
3.960000000000000142e+01 1.442794913988790995e+03
3.979999999999999716e+01 1.432814105660940641e+03
4.000000000000000000e+01 1.427823254194270930e+03
4.020000000000000284e+01 1.415822510070639737e+03
4.039999999999999858e+01 1.406812020753208571e+03
4.060000000000000142e+01 1.398791930762165975e+03
4.079999999999999716e+01 1.390762381748174448e+03
4.100000000000000000e+01 1.384723512563621853e+03
4.120000000000000284e+01 1.372675459331751426e+03
4.139999999999999858e+01 1.370618355513746565e+03
4.160000000000000142e+01 1.363552331973838591e+03
4.179999999999999716e+01 1.356477517042506634e+03
4.200000000000000000e+01 1.346394036577833276e+03
4.220000000000000284e+01 1.342302014025081917e+03
4.239999999999999858e+01 1.333201570474550181e+03
4.260000000000000142e+01 1.329092824717764188e+03
4.279999999999999716e+01 1.321975893302062559e+03
4.300000000000000000e+01 1.314850890583629734e+03
4.320000000000000284e+01 1.310717928779024533e+03
4.339999999999999858e+01 1.301577118015258293e+03
4.360000000000000142e+01 1.294428566378467167e+03
4.379999999999999716e+01 1.293272379961225170e+03
4.400000000000000000e+01 1.281108662908543465e+03
4.420000000000000284e+01 1.278937517462595224e+03
4.439999999999999858e+01 1.277759044006212207e+03
4.460000000000000142e+01 1.266573341105186728e+03
4.479999999999999716e+01 1.260380505549421287e+03
4.500000000000000000e+01 1.259180632392960661e+03
4.520000000000000284e+01 1.249973814992942152e+03
4.539999999999999858e+01 1.246760145047497190e+03
4.560000000000000142e+01 1.237539712632640203e+03
4.579999999999999716e+01 1.237312606238171156e+03
4.600000000000000000e+01 1.226078912802627656e+03
4.620000000000000284e+01 1.224838717747311875e+03
4.639999999999999858e+01 1.218592105009424358e+03
4.660000000000000142e+01 1.214339157074328568e+03
4.679999999999999716e+01 1.209079955006975069e+03
4.700000000000000000e+01 1.199814578482510797e+03
4.720000000000000284e+01 1.198543105816095249e+03
4.739999999999999858e+01 1.193265613991952705e+03
4.760000000000000142e+01 1.189982178691677291e+03
4.779999999999999716e+01 1.178692874321818181e+03
4.800000000000000000e+01 1.176397774040762897e+03
4.820000000000000284e+01 1.173096949784942353e+03
4.839999999999999858e+01 1.167790472294374240e+03
4.860000000000000142e+01 1.163478411137567718e+03
4.879999999999999716e+01 1.154160834735805793e+03
4.900000000000000000e+01 1.149837810386823548e+03
4.920000000000000284e+01 1.148509404287900679e+03
4.939999999999999858e+01 1.140175681558384895e+03
4.960000000000000142e+01 1.138836706261662584e+03
4.979999999999999716e+01 1.130492541426591970e+03
5.000000000000000000e+01 1.129143249068413979e+03
5.020000000000000284e+01 1.123788890209157216e+03
5.039999999999999858e+01 1.120429524897549982e+03
5.060000000000000142e+01 1.115065212228452765e+03
5.079999999999999716e+01 1.108696010361825756e+03
5.100000000000000000e+01 1.106321976541244567e+03
5.120000000000000284e+01 1.104943167111975299e+03
5.139999999999999858e+01 1.094559637538621473e+03
5.160000000000000142e+01 1.092171442422356449e+03
5.179999999999999716e+01 1.086778635517750672e+03
5.200000000000000000e+01 1.085381269749205330e+03
5.220000000000000284e+01 1.079979397227003346e+03
5.239999999999999858e+01 1.073573069262988156e+03
5.260000000000000142e+01 1.069162336385881190e+03
5.279999999999999716e+01 1.067747248356244427e+03
5.300000000000000000e+01 1.060327854181102794e+03
5.320000000000000284e+01 1.057904202128230509e+03
5.339999999999999858e+01 1.053476339740113872e+03
5.360000000000000142e+01 1.046044313847596413e+03
5.379999999999999716e+01 1.049608170583217088e+03
5.400000000000000000e+01 1.040167955394248111e+03
5.420000000000000284e+01 1.036723713055440157e+03
5.439999999999999858e+01 1.035275487681484265e+03
5.460000000000000142e+01 1.025823322739196328e+03
5.479999999999999716e+01 1.026367261059430348e+03
5.500000000000000000e+01 1.025907344848731327e+03
5.520000000000000284e+01 1.017443615700729652e+03
5.539999999999999858e+01 1.014976114607287059e+03
5.560000000000000142e+01 1.012504881969399776e+03
5.579999999999999716e+01 1.007029957607863025e+03
5.600000000000000000e+01 1.008551380773706569e+03
5.620000000000000284e+01 1.000069190158403558e+03
5.639999999999999858e+01 9.965834239038599662e+02
5.660000000000000142e+01 9.950941196121913208e+02
5.679999999999999716e+01 9.926013143552887641e+02
5.700000000000000000e+01 9.891050446841834400e+02
5.720000000000000284e+01 9.816053466382114721e+02
5.739999999999999858e+01 9.791022557539852187e+02
5.760000000000000142e+01 9.825958070741766051e+02
5.779999999999999716e+01 9.740860351561157131e+02
5.800000000000000000e+01 9.745729740802096330e+02
5.820000000000000284e+01 9.690566574581863506e+02
5.839999999999999858e+01 9.655371184411676495e+02
5.860000000000000142e+01 9.620143897275750078e+02
5.879999999999999716e+01 9.604885035708723535e+02
5.900000000000000000e+01 9.589594917871502275e+02
5.920000000000000284e+01 9.544273857625548771e+02
5.939999999999999858e+01 9.518922164605655780e+02
5.960000000000000142e+01 9.463540144291241631e+02
5.979999999999999716e+01 9.478128098076207380e+02
6.000000000000000000e+01 9.422686323337372869e+02
6.020000000000000284e+01 9.427215113501551969e+02
6.039999999999999858e+01 9.361714758111265837e+02
6.060000000000000142e+01 9.366185542889163571e+02
6.079999999999999716e+01 9.370627749801143409e+02
6.100000000000000000e+01 9.265041657118233616e+02
6.120000000000000284e+01 9.249427539477239861e+02
6.139999999999999858e+01 9.203785667940209123e+02
6.160000000000000142e+01 9.208116310052713516e+02
6.179999999999999716e+01 9.112419729901002938e+02
6.200000000000000000e+01 9.126696188168037907e+02
6.220000000000000284e+01 9.090945942188436675e+02
6.239999999999999858e+01 9.025169246002349155e+02
6.260000000000000142e+01 9.019366350408299695e+02
6.279999999999999716e+01 8.963537503015011225e+02
6.300000000000000000e+01 8.917682948292225547e+02
6.320000000000000284e+01 8.901802927620562969e+02
6.339999999999999858e+01 8.865897679340423565e+02
6.360000000000000142e+01 8.849967438799966430e+02
6.379999999999999716e+01 8.784012438402168073e+02
6.400000000000000000e+01 8.728032907651006553e+02
6.420000000000000284e+01 8.722029073196765694e+02
6.440000000000000568e+01 8.676001158880493449e+02
6.459999999999999432e+01 8.599949385777626958e+02
6.479999999999999716e+01 8.603873972240810417e+02
6.500000000000000000e+01 8.567775133941902368e+02
6.520000000000000284e+01 8.521653083913225828e+02
6.540000000000000568e+01 8.445508032588036258e+02
6.559999999999999432e+01 8.459340187840256249e+02
6.579999999999999716e+01 8.433149755023481475e+02
6.600000000000000000e+01 8.356936937009263602e+02
6.620000000000000284e+01 8.310701934224703109e+02
6.640000000000000568e+01 8.284444944689358863e+02
6.659999999999999432e+01 8.288166164051481246e+02
6.679999999999999716e+01 8.241865785623599550e+02
6.700000000000000000e+01 8.215544000417457937e+02
6.720000000000000284e+01 8.139200997178336365e+02
6.740000000000000568e+01 8.092836962418745088e+02
6.759999999999999432e+01 8.126452080451525717e+02
6.779999999999999716e+01 8.070046533422356561e+02
6.800000000000000000e+01 8.003620501341689533e+02
6.820000000000000284e+01 8.007174162116109528e+02
6.840000000000000568e+01 7.990707691579159473e+02
6.859999999999999432e+01 7.934221263521598075e+02
6.879999999999999716e+01 7.947715049721152809e+02
6.900000000000000000e+01 7.871189219971734019e+02
6.920000000000000284e+01 7.844643942112146533e+02
6.940000000000000568e+01 7.788079382054309008e+02
6.959999999999999432e+01 7.821495703810965097e+02
6.979999999999999716e+01 7.714893069522944415e+02
7.000000000000000000e+01 7.738271639485921014e+02
7.020000000000000284e+01 7.721631572176742111e+02
7.040000000000000568e+01 7.654973024279285028e+02
7.059999999999999432e+01 7.638296150709882113e+02
7.079999999999999716e+01 7.601601104642312521e+02
7.100000000000000000e+01 7.614888037532366525e+02
7.120000000000000284e+01 7.508157099141994877e+02
7.140000000000000568e+01 7.531408437563053440e+02
7.159999999999999432e+01 7.494642199240639684e+02
7.179999999999999716e+01 7.467858528996051746e+02
7.200000000000000000e+01 7.441057570049348442e+02
7.220000000000000284e+01 7.414239464041542078e+02
7.240000000000000568e+01 7.377404351056418363e+02
7.259999999999999432e+01 7.380552369641994801e+02
7.279999999999999716e+01 7.323683656831623239e+02
7.300000000000000000e+01 7.316798348164745676e+02
7.320000000000000284e+01 7.299896577707307870e+02
7.340000000000000568e+01 7.252978478071838708e+02
7.359999999999999432e+01 7.236044180437194200e+02
7.379999999999999716e+01 7.249093814567994514e+02
7.400000000000000000e+01 7.162127508833727916e+02
7.420000000000000284e+01 7.155145390227554572e+02
7.440000000000000568e+01 7.158147584384801121e+02
7.459999999999999432e+01 7.101134215601163078e+02
7.479999999999999716e+01 7.064105406850605959e+02
7.500000000000000000e+01 7.057061279802985609e+02
7.520000000000000284e+01 7.020001954841380893e+02
7.540000000000000568e+01 7.012927551079156956e+02
7.559999999999999432e+01 6.995838186376749945e+02
7.579999999999999716e+01 6.958733977358185712e+02
7.600000000000000000e+01 6.941615039427343845e+02
7.620000000000000284e+01 6.904481486783956825e+02
7.640000000000000568e+01 6.897333432439357921e+02
7.659999999999999432e+01 6.890170988231989213e+02
7.679999999999999716e+01 6.822994264842657230e+02
7.700000000000000000e+01 6.815803371809553255e+02
7.720000000000000284e+01 6.778598417543047390e+02
7.740000000000000568e+01 6.791379509340238201e+02
7.759999999999999432e+01 6.714146753399285217e+02
7.779999999999999716e+01 6.716900254833523150e+02
7.800000000000000000e+01 6.749640117685353289e+02
7.820000000000000284e+01 6.642366444939916619e+02
7.840000000000000568e+01 6.605079338538569118e+02
7.859999999999999432e+01 6.657778899392138783e+02
7.879999999999999716e+01 6.620465227393992791e+02
7.900000000000000000e+01 6.563138421432892073e+02
7.920000000000000284e+01 6.575798579405659439e+02
7.940000000000000568e+01 6.508445798229654429e+02
7.959999999999999432e+01 6.531080173855060593e+02
7.979999999999999716e+01 6.483701801276982906e+02
8.000000000000000000e+01 6.496310774547367828e+02
8.020000000000000284e+01 6.478907186786743750e+02
8.040000000000000568e+01 6.401491130195784081e+02
8.059999999999999432e+01 6.414062696066702074e+02
8.079999999999999716e+01 6.346621974794470589e+02
8.100000000000000000e+01 6.369169055887879267e+02
8.120000000000000284e+01 6.341704027980425735e+02
8.140000000000000568e+01 6.304226978841048776e+02
8.159999999999999432e+01 6.306737995384698934e+02
8.179999999999999716e+01 6.299237163682760183e+02
8.200000000000000000e+01 6.241724568973313580e+02
8.220000000000000284e+01 6.244200295671250842e+02
8.240000000000000568e+01 6.216664427378243545e+02
8.259999999999999432e+01 6.189117046892566805e+02
8.279999999999999716e+01 6.161558236218777438e+02
8.300000000000000000e+01 6.143988076577255697e+02
8.320000000000000284e+01 6.146406648413606035e+02
8.340000000000000568e+01 6.088814031407927132e+02
8.359999999999999432e+01 6.121210304483938671e+02
8.379999999999999716e+01 6.043595545817992161e+02
8.400000000000000000e+01 6.105969832847940779e+02
8.420000000000000284e+01 6.018333242281885305e+02
8.440000000000000568e+01 5.990685850106801809e+02
8.459999999999999432e+01 6.033027731597037473e+02
8.479999999999999716e+01 5.985358961322691584e+02
8.500000000000000000e+01 5.947679613157880567e+02
8.520000000000000284e+01 5.949989760288877960e+02
8.540000000000000568e+01 5.922289475222150941e+02
8.559999999999999432e+01 5.934578829792272927e+02
8.579999999999999716e+01 5.906857895169733865e+02
8.600000000000000000e+01 5.899126741868639101e+02
8.620000000000000284e+01 5.891385439754295703e+02
8.640000000000000568e+01 5.883634058050704425e+02
8.659999999999999432e+01 5.855872665347936845e+02
8.679999999999999716e+01 5.848101329609417007e+02
8.700000000000000000e+01 5.880320118179100746e+02
8.720000000000000284e+01 5.862529097788553827e+02
8.740000000000000568e+01 5.824728334563936869e+02
8.759999999999999432e+01 5.856917894032893628e+02
8.779999999999999716e+01 5.849097841131342648e+02
8.800000000000000000e+01 5.921268240210177964e+02
8.820000000000000284e+01 5.893429155041878857e+02
8.840000000000000568e+01 5.905580648827032064e+02
8.859999999999999432e+01 5.887722784200758497e+02
8.879999999999999716e+01 5.969855623239060378e+02
8.900000000000000000e+01 5.941979227465080839e+02
8.920000000000000284e+01 5.954093657855278252e+02
8.940000000000000568e+01 5.966198974845516432e+02
8.959999999999999432e+01 5.968295238337076398e+02
8.979999999999999716e+01 5.970382507702588555e+02
9.000000000000000000e+01 5.932460841791878465e+02
9.020000000000000284e+01 5.984530298937745556e+02
9.040000000000000568e+01 5.936590936961655416e+02
9.059999999999999432e+01 5.938642813179362747e+02
9.079999999999999716e+01 5.950685984406458147e+02
9.100000000000000000e+01 5.982720506963843263e+02
9.120000000000000284e+01 5.914746436683130923e+02
9.140000000000000568e+01 5.936763828911973633e+02
9.159999999999999432e+01 5.958772738519329550e+02
9.179999999999999716e+01 5.950773219900653430e+02
9.200000000000000000e+01 5.942765326983018213e+02
9.220000000000000284e+01 5.904749113230176363e+02
9.240000000000000568e+01 5.936724631647552997e+02
9.259999999999999432e+01 5.918691934787167384e+02
9.279999999999999716e+01 5.910651074752506702e+02
9.300000000000000000e+01 5.872602103203319075e+02
9.320000000000000284e+01 5.914545071360356587e+02
9.340000000000000568e+01 5.866480030010054634e+02
9.359999999999999432e+01 5.858407029509148742e+02
9.379999999999999716e+01 5.840326119789235690e+02
9.400000000000000000e+01 5.782237350361275503e+02
9.420000000000000284e+01 5.794140770320034335e+02
9.440000000000000568e+01 5.806036428348476193e+02
9.459999999999999432e+01 5.727924372722086446e+02
9.479999999999999716e+01 5.749804651313162367e+02
9.500000000000000000e+01 5.761677311595024094e+02
9.520000000000000284e+01 5.683542400646191481e+02
9.540000000000000568e+01 5.735399965154505253e+02
9.559999999999999432e+01 5.697250051421184480e+02
9.579999999999999716e+01 5.629092705364848825e+02
9.600000000000000000e+01 5.670927972525482801e+02
9.620000000000000284e+01 5.652755898068350007e+02
9.640000000000000568e+01 5.614576526787861894e+02
9.659999999999999432e+01 5.606389903111396507e+02
9.679999999999999716e+01 5.578196071103071745e+02
9.700000000000000000e+01 5.609995074467469749e+02
9.720000000000000284e+01 5.561786956553314667e+02
9.740000000000000568e+01 5.543571760357110634e+02
9.759999999999999432e+01 5.545349528526729728e+02
9.779999999999999716e+01 5.517120303364957863e+02
9.800000000000000000e+01 5.498884126832996344e+02
9.820000000000000284e+01 5.480641040553922494e+02
9.840000000000000568e+01 5.502391085816107079e+02
9.859999999999999432e+01 5.464134303576590810e+02
9.879999999999999716e+01 5.425870734464417637e+02
9.900000000000000000e+01 5.437600418783931673e+02
9.920000000000000284e+01 5.419323396518029767e+02
9.940000000000000568e+01 5.381039707331381123e+02
9.959999999999999432e+01 5.382749390573599158e+02
9.979999999999999716e+01 5.344452485282383805e+02
1.000000000000000000e+02 5.366149030186625168e+02
1.002000000000000028e+02 5.317839063709461698e+02
1.004000000000000057e+02 5.309522623971313351e+02
1.005999999999999943e+02 5.331199748792868149e+02
1.007999999999999972e+02 5.292870475698045993e+02
1.010000000000000000e+02 5.324534841916910182e+02
1.012000000000000028e+02 5.256192884388563016e+02
1.014000000000000057e+02 5.247844639763993655e+02
1.015999999999999943e+02 5.239490144408894139e+02
1.017999999999999972e+02 5.221129434406452674e+02
1.020000000000000000e+02 5.212762545560101444e+02
1.022000000000000028e+02 5.204389513396237135e+02
1.024000000000000057e+02 5.186010373166913041e+02
1.025999999999999943e+02 5.177625159852493653e+02
1.027999999999999972e+02 5.199233908164284230e+02
1.030000000000000000e+02 5.160836652547122867e+02
1.032000000000000028e+02 5.142433427181952084e+02
1.034000000000000057e+02 5.154024265988348361e+02
1.035999999999999943e+02 5.075609202627036893e+02
1.037999999999999972e+02 5.167188270502362002e+02
1.040000000000000000e+02 5.088761502764741635e+02
1.042000000000000028e+02 5.070328932313088330e+02
1.044000000000000057e+02 5.111890591797201751e+02
1.045999999999999943e+02 5.063446513620134510e+02
1.047999999999999972e+02 5.054996729940533555e+02
1.050000000000000000e+02 5.076541272674950847e+02
1.052000000000000028e+02 5.028080173500130741e+02
1.054000000000000057e+02 5.049613463855269515e+02
1.055999999999999943e+02 5.031141174944251588e+02
1.057999999999999972e+02 5.022663337737858456e+02
1.060000000000000000e+02 4.984179982975950907e+02
1.062000000000000028e+02 5.025691141169632488e+02
1.064000000000000057e+02 4.967196842603383402e+02
1.065999999999999943e+02 4.988697117337172813e+02
1.067999999999999972e+02 4.980191995208545563e+02
1.070000000000000000e+02 4.931681505834688437e+02
1.072000000000000028e+02 4.923165678614471403e+02
1.074000000000000057e+02 4.944644542730466128e+02
1.075999999999999943e+02 4.886118127150941746e+02
1.077999999999999972e+02 4.897586460631841305e+02
1.080000000000000000e+02 4.909049571718732068e+02
1.082000000000000028e+02 4.860507488748738751e+02
1.084000000000000057e+02 4.901960239852449490e+02
1.085999999999999943e+02 4.863407852955807584e+02
1.087999999999999972e+02 4.824850355781978806e+02
1.090000000000000000e+02 4.846287775853197672e+02
1.092000000000000028e+02 4.817720140492593259e+02
1.094000000000000057e+02 4.789147476826000229e+02
1.095999999999999943e+02 4.800569811783743148e+02
1.097999999999999972e+02 4.771987172102403747e+02
1.100000000000000000e+02 4.813399584326573404e+02
1.102000000000000028e+02 4.734807074810577774e+02
1.104000000000000057e+02 4.726209669720192323e+02
1.105999999999999943e+02 4.737607395034332285e+02
1.107999999999999972e+02 4.689000276546727264e+02
1.110000000000000000e+02 4.710388339867577088e+02
1.112000000000000028e+02 4.671771610425191170e+02
1.114000000000000057e+02 4.723150113467609117e+02
1.115999999999999943e+02 4.644523874064204279e+02
1.117999999999999972e+02 4.625892917107267976e+02
1.120000000000000000e+02 4.687257267313580655e+02
1.122000000000000028e+02 4.638616949225965982e+02
1.124000000000000057e+02 4.609971987214823912e+02
1.125999999999999943e+02 4.621322405479651820e+02
1.127999999999999972e+02 4.592668228050548578e+02
1.130000000000000000e+02 4.574009478789702143e+02
1.132000000000000028e+02 4.595346181392860672e+02
1.134000000000000057e+02 4.556678359390790547e+02
1.135999999999999943e+02 4.548006036150717364e+02
1.137999999999999972e+02 4.559329234877750991e+02
1.140000000000000000e+02 4.530647978616297564e+02
1.142000000000000028e+02 4.531962290251454988e+02
1.144000000000000057e+02 4.503272192510397076e+02
1.145999999999999943e+02 4.524577707963737794e+02
1.147999999999999972e+02 4.435878859026886403e+02
1.150000000000000000e+02 4.507175667961385557e+02
1.152000000000000028e+02 4.438468156876238027e+02
1.154000000000000057e+02 4.439756347729216941e+02
1.155999999999999943e+02 4.451040262328162953e+02
1.157999999999999972e+02 4.442319922332270608e+02
1.160000000000000000e+02 4.393595349253358222e+02
1.162000000000000028e+02 4.454866564457127538e+02
1.164000000000000057e+02 4.406133589164406885e+02
1.165999999999999943e+02 4.397396444452385822e+02
1.167999999999999972e+02 4.368655151255834994e+02
1.170000000000000000e+02 4.369909730368310647e+02
1.172000000000000028e+02 4.391160202443354024e+02
1.174000000000000057e+02 4.322406587995671998e+02
1.175999999999999943e+02 4.363648907402307486e+02
1.177999999999999972e+02 4.304887180903800754e+02
1.180000000000000000e+02 4.326121428605334813e+02
1.182000000000000028e+02 4.327351670477872290e+02
1.184000000000000057e+02 4.288577926359279218e+02
1.185999999999999943e+02 4.269800215955439171e+02
1.187999999999999972e+02 4.311018558841352615e+02
1.190000000000000000e+02 4.262232974462231141e+02
1.192000000000000028e+02 4.223443482134573514e+02
1.194000000000000057e+02 4.284650101047237172e+02
1.195999999999999943e+02 4.265852850262497213e+02
1.197999999999999972e+02 4.187051748717091755e+02
1.200000000000000000e+02 4.248246815223260455e+02
1.202000000000000028e+02 4.229438068469771679e+02
1.204000000000000057e+02 4.200625527022939991e+02
1.205999999999999943e+02 4.221809209327631720e+02
1.207999999999999972e+02 4.182989133708263125e+02
1.210000000000000000e+02 4.174165318369784927e+02
1.212000000000000028e+02 4.175337781398663992e+02
1.214000000000000057e+02 4.156506540763845692e+02
1.215999999999999943e+02 4.117671614317716262e+02
1.217999999999999972e+02 4.158833019797050383e+02
1.220000000000000000e+02 4.119990774823948527e+02
1.222000000000000028e+02 4.111144896906771464e+02
1.224000000000000057e+02 4.122295403441057715e+02
1.225999999999999943e+02 4.103442311710437025e+02
1.227999999999999972e+02 4.094585638887534742e+02
1.230000000000000000e+02 4.055725402034865965e+02
1.232000000000000028e+02 4.106861618105720027e+02
1.234000000000000057e+02 4.047994303945040429e+02
1.235999999999999943e+02 4.079123476290291137e+02
1.237999999999999972e+02 4.030249151772318896e+02
1.240000000000000000e+02 4.041371346916205880e+02
1.242000000000000028e+02 4.072490078142111543e+02
1.244000000000000057e+02 4.013605361766109922e+02
1.245999999999999943e+02 3.974717214001018419e+02
1.247999999999999972e+02 3.985825650957216908e+02
1.250000000000000000e+02 4.006930688643459462e+02
1.252000000000000028e+02 3.978032342967678687e+02
1.254000000000000057e+02 3.929130629737784375e+02
1.255999999999999943e+02 3.960225564662451916e+02
1.257999999999999972e+02 3.991317163351901058e+02
1.260000000000000000e+02 3.912405441318676367e+02
1.262000000000000028e+02 3.953490413978407219e+02
1.264000000000000057e+02 3.914572096650574053e+02
1.265999999999999943e+02 3.905650504559255864e+02
1.267999999999999972e+02 3.906725652833878257e+02
1.270000000000000000e+02 3.877797556509952983e+02
1.272000000000000028e+02 3.928866230529805534e+02
1.274000000000000057e+02 3.869931689743305014e+02
1.275999999999999943e+02 3.860993948908577522e+02
1.277999999999999972e+02 3.862053022692720106e+02
1.280000000000000000e+02 3.843108925672504483e+02
1.281999999999999886e+02 3.824161672335076219e+02
1.284000000000000057e+02 3.825211277078644230e+02
1.285999999999999943e+02 3.876257754213166891e+02
1.288000000000000114e+02 3.797301117961033015e+02
1.290000000000000000e+02 3.808341382457729196e+02
1.291999999999999886e+02 3.819378561752511700e+02
1.294000000000000057e+02 3.760412669809064710e+02
1.295999999999999943e+02 3.801443720506151180e+02
1.298000000000000114e+02 3.802471727638267112e+02
1.300000000000000000e+02 3.743496704916277622e+02
1.301999999999999886e+02 3.724518665968057007e+02
1.304000000000000057e+02 3.785537624339118565e+02
1.305999999999999943e+02 3.736553593493237599e+02
1.308000000000000114e+02 3.747566586813072718e+02
1.310000000000000000e+02 3.728576617600777467e+02
1.311999999999999886e+02 3.719583699078607992e+02
1.314000000000000057e+02 3.670587844389527277e+02
1.315999999999999943e+02 3.741589066597799729e+02
1.318000000000000114e+02 3.702587378689582920e+02
1.320000000000000000e+02 3.703582793573515914e+02
1.321999999999999886e+02 3.684575324081296799e+02
1.324000000000000057e+02 3.685564982968259642e+02
1.325999999999999943e+02 3.686551782913945772e+02
1.328000000000000114e+02 3.657535736522667094e+02
1.330000000000000000e+02 3.668516856324067703e+02
1.331999999999999886e+02 3.649495154773679246e+02
1.334000000000000057e+02 3.620470644253468322e+02
1.335999999999999943e+02 3.661443337072386157e+02
1.338000000000000114e+02 3.632413245466905209e+02
1.340000000000000000e+02 3.623380381601556905e+02
1.341999999999999886e+02 3.664344757569461422e+02
1.344000000000000057e+02 3.655306385392854054e+02
1.345999999999999943e+02 3.576265277023607609e+02
1.348000000000000114e+02 3.607221444343747407e+02
1.350000000000000000e+02 3.628174899165965144e+02
1.351999999999999886e+02 3.559125653234125934e+02
1.354000000000000057e+02 3.600073718223771948e+02
1.355999999999999943e+02 3.591019105742620923e+02
1.358000000000000114e+02 3.531961827331061272e+02
1.360000000000000000e+02 3.612901894462640939e+02
1.361999999999999886e+02 3.583839318544554544e+02
1.364000000000000057e+02 3.544774110918124848e+02
1.365999999999999943e+02 3.525706282859279099e+02
1.368000000000000114e+02 3.556635845579024817e+02
1.370000000000000000e+02 3.517562810223914767e+02
1.371999999999999886e+02 3.558487187876515350e+02
1.374000000000000057e+02 3.549408989555868175e+02
1.375999999999999943e+02 3.510328226217942529e+02
1.378000000000000114e+02 3.551244908756094674e+02
1.380000000000000000e+02 3.512159048001511792e+02
1.381999999999999886e+02 3.523070654723659345e+02
1.384000000000000057e+02 3.503979739630723316e+02
1.385999999999999943e+02 3.514886313370046196e+02
1.388000000000000114e+02 3.495790386528562408e+02
1.390000000000000000e+02 3.486691969633227473e+02
1.391999999999999886e+02 3.527591073151444334e+02
1.394000000000000057e+02 3.488487707491486844e+02
1.395999999999999943e+02 3.479381883002918130e+02
1.398000000000000114e+02 3.480273609977008960e+02
1.400000000000000000e+02 3.521162898647145312e+02
1.401999999999999886e+02 3.432049759189240490e+02
1.404000000000000057e+02 3.482934201722138710e+02
1.405999999999999943e+02 3.493816236308018688e+02
1.408000000000000114e+02 3.444695872952788136e+02
1.410000000000000000e+02 3.445573121606482800e+02
1.411999999999999886e+02 3.446447992163656409e+02
1.414000000000000057e+02 3.437320494463768910e+02
1.415999999999999943e+02 3.468190638291569599e+02
1.418000000000000114e+02 3.449058433377483084e+02
1.420000000000000000e+02 3.429923889397985022e+02
1.421999999999999886e+02 3.400787015975977283e+02
1.424000000000000057e+02 3.411647822681161983e+02
1.425999999999999943e+02 3.422506319030409827e+02
1.428000000000000114e+02 3.413362514488125043e+02
1.430000000000000000e+02 3.404216418466610321e+02
1.431999999999999886e+02 3.405068040326425489e+02
1.434000000000000057e+02 3.385917389376746200e+02
1.435999999999999943e+02 3.366764474875714654e+02
1.438000000000000114e+02 3.397609306030795437e+02
1.440000000000000000e+02 3.388451891999118857e+02
1.441999999999999886e+02 3.389292241887829960e+02
1.444000000000000057e+02 3.350130364754429593e+02
1.445999999999999943e+02 3.340966269607113190e+02
1.448000000000000114e+02 3.351799965405108992e+02
1.450000000000000000e+02 3.342631461059012850e+02
1.451999999999999886e+02 3.333460765431117352e+02
1.454000000000000057e+02 3.334287887335742084e+02
1.455999999999999943e+02 3.305112835539557636e+02
1.458000000000000114e+02 3.355935618761913020e+02
1.460000000000000000e+02 3.296756245675152286e+02
1.461999999999999886e+02 3.287574724904932282e+02
1.464000000000000057e+02 3.308391065030543814e+02
1.465999999999999943e+02 3.289205274585215761e+02
1.468000000000000114e+02 3.340017362056433967e+02
1.470000000000000000e+02 3.260827335886243077e+02
1.471999999999999886e+02 3.261635204471555198e+02
1.474000000000000057e+02 3.272440976164451740e+02
1.475999999999999943e+02 3.293244659272481840e+02
1.478000000000000114e+02 3.274046262058964771e+02
1.480000000000000000e+02 3.214845792743281550e+02
1.481999999999999886e+02 3.265643259501171087e+02
1.484000000000000057e+02 3.226438670465017253e+02
1.485999999999999943e+02 3.287232033724142752e+02
1.488000000000000114e+02 3.208023357325089933e+02
1.490000000000000000e+02 3.228812649271909549e+02
1.491999999999999886e+02 3.219599917526437594e+02
1.494000000000000057e+02 3.230385170008580076e+02
1.495999999999999943e+02 3.201168414596585308e+02
1.498000000000000114e+02 3.201949659127322434e+02
1.500000000000000000e+02 3.212728911396551439e+02
1.501999999999999886e+02 3.163506179159197131e+02
1.504000000000000057e+02 3.174281470129614036e+02
1.505999999999999943e+02 3.195054791981855828e+02
1.508000000000000114e+02 3.185826152349937956e+02
1.510000000000000000e+02 3.166595558828099115e+02
1.511999999999999886e+02 3.157363018971064434e+02
1.514000000000000057e+02 3.138128540294300706e+02
1.515999999999999943e+02 3.138892130274272745e+02
1.518000000000000114e+02 3.149653796348699188e+02
1.520000000000000000e+02 3.160413545916803173e+02
1.521999999999999886e+02 3.151171386339561877e+02
1.524000000000000057e+02 3.121927324939956634e+02
1.525999999999999943e+02 3.112681369003217924e+02
1.528000000000000114e+02 3.093433525777068667e+02
1.530000000000000000e+02 3.114183802471968647e+02
1.531999999999999886e+02 3.094932206261353826e+02
1.534000000000000057e+02 3.085678744281874515e+02
1.535999999999999943e+02 3.126423423633634684e+02
1.538000000000000114e+02 3.097166251380423319e+02
1.540000000000000000e+02 3.087907234549949180e+02
1.541999999999999886e+02 3.068646380134073297e+02
1.544000000000000057e+02 3.089383695089037474e+02
1.545999999999999943e+02 3.060119186335691097e+02
1.548000000000000114e+02 3.100852860759719078e+02
1.550000000000000000e+02 3.021584725211864679e+02
1.551999999999999886e+02 3.092314786508152906e+02
1.554000000000000057e+02 3.063043051430111063e+02
1.555999999999999943e+02 3.033769526724987031e+02
1.558000000000000114e+02 3.034494219105968682e+02
1.560000000000000000e+02 3.065217135252399316e+02
1.561999999999999886e+02 3.045938281809989121e+02
1.564000000000000057e+02 3.026657665391032879e+02
1.565999999999999943e+02 3.027375292574614605e+02
1.568000000000000114e+02 3.028091169906821847e+02
1.570000000000000000e+02 3.008805303900953163e+02
1.571999999999999886e+02 3.019517701037719917e+02
1.574000000000000057e+02 3.000228367765456596e+02
1.575999999999999943e+02 3.020937310500319768e+02
1.578000000000000114e+02 2.991644535626491006e+02
1.580000000000000000e+02 2.992350049496378119e+02
1.581999999999999886e+02 2.983053858430811829e+02
1.584000000000000057e+02 3.023755968719243583e+02
1.585999999999999943e+02 2.964456386619940531e+02
1.588000000000000114e+02 2.985155118360181632e+02
1.590000000000000000e+02 2.995852170136447512e+02
1.591999999999999886e+02 2.956547548114612596e+02
1.594000000000000057e+02 2.957241258430136668e+02
1.595999999999999943e+02 2.917933307188250751e+02
1.598000000000000114e+02 3.008623700464145259e+02
1.600000000000000000e+02 2.949312444303155871e+02
1.601999999999999886e+02 2.939999544720946574e+02
1.604000000000000057e+02 2.920685007703693259e+02
1.605999999999999943e+02 2.971368839208265626e+02
1.608000000000000114e+02 2.912051045162405671e+02
1.610000000000000000e+02 2.902731631464907878e+02
1.611999999999999886e+02 2.953410603985797138e+02
1.614000000000000057e+02 2.924087968566503264e+02
1.615999999999999943e+02 2.894763731020036630e+02
1.618000000000000114e+02 2.925437897131162117e+02
1.620000000000000000e+02 2.906110472656570778e+02
1.621999999999999886e+02 2.926781463325051504e+02
1.624000000000000057e+02 2.897450874837660422e+02
1.625999999999999943e+02 2.918118712867889144e+02
1.628000000000000114e+02 2.888784983061832463e+02
1.630000000000000000e+02 2.869449691038354331e+02
1.631999999999999886e+02 2.860112842389253274e+02
1.634000000000000057e+02 2.880774442679424396e+02
1.635999999999999943e+02 2.861434497447024796e+02
1.638000000000000114e+02 2.862093012203631019e+02
1.640000000000000000e+02 2.862749992434403339e+02
1.641999999999999886e+02 2.823405443598240367e+02
1.644000000000000057e+02 2.874059371127941063e+02
1.645999999999999943e+02 2.834711780430358203e+02
1.648000000000000114e+02 2.835362676886556983e+02
1.650000000000000000e+02 2.856012065851964508e+02
1.651999999999999886e+02 2.856659952656529526e+02
1.654000000000000057e+02 2.827306342604870224e+02
1.655999999999999943e+02 2.797951240976424856e+02
1.658000000000000114e+02 2.838594653025606362e+02
1.660000000000000000e+02 2.809236583981945614e+02
1.661999999999999886e+02 2.819877039050244321e+02
1.664000000000000057e+02 2.800516023410717708e+02
1.665999999999999943e+02 2.801153542219143446e+02
1.668000000000000114e+02 2.771789600607004331e+02
1.670000000000000000e+02 2.792424203681632662e+02
1.671999999999999886e+02 2.823057356526355193e+02
1.674000000000000057e+02 2.793689064200629559e+02
1.675999999999999943e+02 2.774319331740189796e+02
1.678000000000000114e+02 2.754948164157184465e+02
1.680000000000000000e+02 2.785575566440314219e+02
1.681999999999999886e+02 2.776201543554971067e+02
1.684000000000000057e+02 2.776826100443374230e+02
1.685999999999999943e+02 2.697449242024705995e+02
1.688000000000000114e+02 2.798070973195247575e+02
1.690000000000000000e+02 2.708691298828509844e+02
1.691999999999999886e+02 2.759310223775371469e+02
1.694000000000000057e+02 2.729927752864206241e+02
1.695999999999999943e+02 2.710543890901014947e+02
1.698000000000000114e+02 2.721158642669557821e+02
1.700000000000000000e+02 2.731772012931481299e+02
1.701999999999999886e+02 2.692384006426448764e+02
1.704000000000000057e+02 2.702994627872264459e+02
1.705999999999999943e+02 2.733603881965004234e+02
1.708000000000000114e+02 2.684211773379137753e+02
1.710000000000000000e+02 2.674818306767654690e+02
1.711999999999999886e+02 2.665423486762189214e+02
1.714000000000000057e+02 2.706027317973141066e+02
1.715999999999999943e+02 2.676629804989801187e+02
1.718000000000000114e+02 2.647230952380469375e+02
1.720000000000000000e+02 2.657830764692577077e+02
1.721999999999999886e+02 2.658429246452806183e+02
1.724000000000000057e+02 2.639026402167207834e+02
1.725999999999999943e+02 2.619622236321321225e+02
1.728000000000000114e+02 2.630216753380290129e+02
1.730000000000000000e+02 2.610809957788980000e+02
1.731999999999999886e+02 2.611401853972092795e+02
1.734000000000000057e+02 2.581992446334281794e+02
1.735999999999999943e+02 2.602581739260267000e+02
1.738000000000000114e+02 2.593169737114945974e+02
1.740000000000000000e+02 2.563756444243509236e+02
1.741999999999999886e+02 2.544341864971549398e+02
1.744000000000000057e+02 2.554926003605174003e+02
1.745999999999999943e+02 2.535508864431114375e+02
1.748000000000000114e+02 2.516090451716836753e+02
1.750000000000000000e+02 2.546670769710648301e+02
1.751999999999999886e+02 2.497249822641807953e+02
1.754000000000000057e+02 2.547827614720631573e+02
1.755999999999999943e+02 2.518404150138600244e+02
1.758000000000000114e+02 2.458979433068464289e+02
1.760000000000000000e+02 2.539553467664349000e+02
1.761999999999999886e+02 -5.588737419381396876e+01
